0, 1024, 0, 2, 2, 0.004096, 1.973376, 0.467424
1, 1024, 1, 0, 0, 0.004128, 0.472544, 0.026304
2, 1024, 2, 0, 0, 0.004192, 0.473792, 0.025536
3, 1024, 3, 0, 0, 0.004096, 0.468416, 0.026144
4, 1024, 4, 0, 0, 0.003904, 0.482560, 0.025024
5, 1024, 5, 0, 0, 0.004224, 0.474592, 0.025952
6, 1024, 6, 3, 3, 0.004288, 0.463520, 0.026016
7, 1024, 7, 0, 0, 0.003968, 0.481408, 0.033728
8, 1024, 8, 1, 1, 0.004224, 0.463552, 0.026272
9, 1024, 9, 0, 0, 0.004064, 0.478848, 0.026336
10, 1024, 10, 2, 2, 0.004096, 0.480160, 0.024992
11, 1024, 11, 0, 0, 0.004384, 0.475968, 0.024768
12, 1024, 12, 1, 1, 0.004128, 0.473312, 0.026176
13, 1024, 13, 0, 0, 0.004192, 0.466528, 0.026080
14, 1024, 14, 2, 2, 0.004160, 0.464160, 0.026368
15, 1024, 15, 0, 0, 0.004064, 0.471040, 0.026272
16, 1024, 16, 0, 0, 0.004192, 0.475200, 0.025408
17, 1024, 17, 4, 4, 0.004192, 0.473856, 0.025088
18, 1024, 18, 1, 1, 0.004128, 0.476128, 0.025664
19, 1024, 19, 2, 2, 0.004416, 0.464768, 0.026176
20, 1024, 20, 0, 0, 0.004032, 0.470464, 0.026304
21, 1024, 21, 1, 1, 0.004064, 0.470624, 0.026208
22, 1024, 22, 0, 0, 0.004160, 0.469184, 0.026240
23, 1024, 23, 1, 1, 0.004000, 0.477952, 0.025312
24, 1024, 24, 0, 0, 0.004128, 0.476032, 0.025056
25, 1024, 25, 0, 0, 0.003936, 0.469664, 0.026176
26, 1024, 26, 1, 1, 0.004160, 0.464896, 0.026112
27, 1024, 27, 0, 0, 0.004416, 0.471904, 0.026112
28, 1024, 28, 0, 0, 0.004128, 0.466720, 0.026144
29, 1024, 29, 0, 0, 0.004288, 0.474432, 0.024736
30, 1024, 30, 0, 0, 0.004224, 0.482976, 0.025120
31, 1024, 31, 0, 0, 0.004096, 0.467840, 0.026112
32, 1024, 32, 0, 0, 0.004160, 0.472896, 0.025856
33, 1024, 33, 0, 0, 0.004128, 0.466848, 0.026112
34, 1024, 34, 1, 1, 0.004096, 0.462528, 0.026272
35, 1024, 35, 0, 0, 0.004160, 0.467360, 0.026304
36, 1024, 36, 0, 0, 0.004128, 0.472800, 0.024928
37, 1024, 37, 0, 0, 0.004128, 0.460800, 0.024896
38, 1024, 38, 0, 0, 0.004224, 0.479552, 0.026272
39, 1024, 39, 1, 1, 0.004032, 0.465856, 0.026560
40, 1024, 40, 0, 0, 0.004192, 0.464672, 0.026112
41, 1024, 41, 1, 1, 0.004032, 0.473696, 0.026144
42, 1024, 42, 0, 0, 0.004192, 0.471520, 0.024896
43, 1024, 43, 0, 0, 0.004352, 0.472096, 0.025024
44, 1024, 44, 1, 1, 0.002656, 0.484480, 0.025408
45, 1024, 45, 0, 0, 0.004192, 0.464224, 0.026336
46, 1024, 46, 0, 0, 0.004064, 0.467936, 0.026496
47, 1024, 47, 0, 0, 0.004096, 0.469952, 0.026208
48, 1024, 48, 3, 3, 0.004032, 0.468096, 0.026624
49, 1024, 49, 0, 0, 0.004064, 0.478848, 0.024960
50, 1024, 50, 0, 0, 0.004064, 0.479392, 0.025216
51, 1024, 51, 5, 5, 0.004416, 0.472896, 0.026208
52, 1024, 52, 0, 0, 0.004096, 0.465632, 0.026112
53, 1024, 53, 0, 0, 0.004192, 0.472832, 0.026304
54, 1024, 54, 1, 1, 0.004192, 0.472832, 0.025984
55, 1024, 55, 0, 0, 0.004384, 0.467840, 0.025344
56, 1024, 56, 0, 0, 0.004064, 0.482688, 0.024768
57, 1024, 57, 0, 0, 0.004064, 0.468224, 0.025984
58, 1024, 58, 0, 0, 0.004064, 0.463424, 0.026080
59, 1024, 59, 0, 0, 0.004832, 0.467072, 0.026112
60, 1024, 60, 3, 3, 0.004032, 0.478304, 0.026432
61, 1024, 61, 0, 0, 0.004224, 0.466176, 0.026016
62, 1024, 62, 4, 4, 0.004064, 0.469888, 0.024992
63, 1024, 63, 0, 0, 0.004192, 0.477344, 0.024928
64, 1024, 64, 1, 1, 0.004128, 0.469248, 0.026880
65, 1024, 65, 1, 1, 0.004128, 0.466336, 0.025888
66, 1024, 66, 1, 1, 0.004064, 0.470944, 0.026048
67, 1024, 67, 0, 0, 0.004096, 0.466240, 0.026208
68, 1024, 68, 0, 0, 0.004032, 0.476672, 0.025056
69, 1024, 69, 2, 2, 0.004064, 0.485824, 0.025888
70, 1024, 70, 0, 0, 0.004000, 0.466208, 0.025984
71, 1024, 71, 1, 1, 0.004128, 0.470304, 0.026720
72, 1024, 72, 0, 0, 0.004160, 0.478272, 0.026208
73, 1024, 73, 0, 0, 0.004064, 0.462464, 0.026176
74, 1024, 74, 1, 1, 0.003968, 0.474944, 0.031680
75, 1024, 75, 1, 1, 0.004288, 0.469600, 0.024768
76, 1024, 76, 0, 0, 0.004256, 0.474272, 0.026112
77, 1024, 77, 0, 0, 0.003968, 0.469568, 0.026432
78, 1024, 78, 1, 1, 0.004128, 0.466912, 0.026208
79, 1024, 79, 0, 0, 0.004096, 0.470432, 0.025248
80, 1024, 80, 0, 0, 0.004032, 0.467232, 0.026496
81, 1024, 81, 0, 0, 0.004192, 0.469888, 0.024832
82, 1024, 82, 0, 0, 0.004032, 0.484192, 0.024928
83, 1024, 83, 1, 1, 0.004160, 0.465856, 0.025984
84, 1024, 84, 0, 0, 0.004032, 0.465600, 0.026048
85, 1024, 85, 0, 0, 0.004064, 0.469056, 0.026144
86, 1024, 86, 1, 1, 0.004000, 0.464960, 0.026080
87, 1024, 87, 0, 0, 0.004064, 0.480480, 0.025216
88, 1024, 88, 0, 0, 0.004096, 0.477280, 0.024960
89, 1024, 89, 0, 0, 0.004032, 0.472032, 0.026016
90, 1024, 90, 0, 0, 0.004000, 0.467072, 0.025952
91, 1024, 91, 0, 0, 0.004416, 0.467040, 0.026016
92, 1024, 92, 1, 1, 0.004096, 0.471488, 0.026048
93, 1024, 93, 0, 0, 0.004160, 0.468512, 0.025984
94, 1024, 94, 0, 0, 0.004096, 0.467552, 0.025280
95, 1024, 95, 0, 0, 0.004096, 0.470848, 0.025088
96, 1024, 96, 3, 3, 0.004128, 0.467680, 0.026848
97, 1024, 97, 4, 4, 0.003936, 0.463776, 0.026112
98, 1024, 98, 0, 0, 0.004160, 0.474592, 0.026144
99, 1024, 99, 0, 0, 0.004064, 0.463968, 0.026240
100, 2048, 0, 0, 0, 0.006528, 0.474208, 0.026976
101, 2048, 1, 0, 0, 0.006528, 0.474592, 0.025984
102, 2048, 2, 1, 1, 0.006816, 0.481856, 0.027008
103, 2048, 3, 0, 0, 0.006528, 0.480512, 0.027392
104, 2048, 4, 0, 0, 0.006560, 0.469568, 0.027104
105, 2048, 5, 0, 0, 0.006624, 0.485408, 0.027072
106, 2048, 6, 0, 0, 0.006656, 0.482496, 0.025696
107, 2048, 7, 0, 0, 0.007072, 0.471584, 0.025952
108, 2048, 8, 0, 0, 0.006464, 0.485856, 0.026944
109, 2048, 9, 0, 0, 0.014912, 0.482208, 0.025824
110, 2048, 10, 0, 0, 0.006624, 0.471584, 0.027360
111, 2048, 11, 0, 0, 0.006528, 0.473536, 0.026944
112, 2048, 12, 0, 0, 0.006560, 0.470720, 0.026112
113, 2048, 13, 0, 0, 0.006592, 0.475200, 0.027168
114, 2048, 14, 0, 0, 0.006656, 0.475744, 0.027040
115, 2048, 15, 0, 0, 0.006560, 0.476864, 0.027072
116, 2048, 16, 1, 1, 0.006752, 0.472640, 0.027168
117, 2048, 17, 0, 0, 0.006688, 0.474592, 0.025952
118, 2048, 18, 0, 0, 0.006496, 0.485216, 0.025824
119, 2048, 19, 0, 0, 0.006528, 0.474240, 0.027552
120, 2048, 20, 0, 0, 0.006528, 0.483840, 0.027232
121, 2048, 21, 0, 0, 0.006464, 0.481024, 0.026944
122, 2048, 22, 0, 0, 0.006592, 0.471840, 0.027072
123, 2048, 23, 0, 0, 0.006880, 0.478080, 0.025792
124, 2048, 24, 0, 0, 0.006784, 0.481856, 0.025888
125, 2048, 25, 1, 1, 0.006592, 0.468608, 0.026912
126, 2048, 26, 0, 0, 0.006560, 0.488544, 0.027392
127, 2048, 27, 0, 0, 0.006496, 0.474464, 0.027072
128, 2048, 28, 0, 0, 0.006560, 0.469504, 0.027776
129, 2048, 29, 0, 0, 0.006496, 0.480096, 0.025824
130, 2048, 30, 0, 0, 0.006592, 0.477408, 0.025856
131, 2048, 31, 0, 0, 0.006592, 0.480160, 0.027040
132, 2048, 32, 1, 1, 0.006592, 0.486560, 0.027168
133, 2048, 33, 0, 0, 0.006432, 0.470208, 0.026784
134, 2048, 34, 0, 0, 0.006560, 0.479680, 0.027200
135, 2048, 35, 0, 0, 0.006656, 0.493088, 0.027392
136, 2048, 36, 0, 0, 0.006656, 0.473472, 0.027104
137, 2048, 37, 0, 0, 0.006688, 0.480288, 0.025728
138, 2048, 38, 0, 0, 0.006464, 0.478752, 0.027008
139, 2048, 39, 0, 0, 0.006720, 0.473696, 0.026880
140, 2048, 40, 0, 0, 0.006560, 0.484672, 0.026048
141, 2048, 41, 0, 0, 0.006560, 0.480832, 0.025792
142, 2048, 42, 0, 0, 0.006528, 0.473216, 0.027264
143, 2048, 43, 1, 1, 0.006560, 0.475392, 0.027008
144, 2048, 44, 1, 1, 0.006592, 0.478400, 0.027360
145, 2048, 45, 0, 0, 0.006560, 0.471040, 0.026944
146, 2048, 46, 0, 0, 0.006592, 0.463840, 0.025824
147, 2048, 47, 0, 0, 0.006368, 0.495072, 0.025952
148, 2048, 48, 0, 0, 0.006592, 0.468608, 0.027072
149, 2048, 49, 0, 0, 0.006624, 0.472544, 0.026944
150, 2048, 50, 1, 1, 0.006528, 0.473696, 0.027232
151, 2048, 51, 0, 0, 0.006528, 0.469472, 0.027424
152, 2048, 52, 0, 0, 0.006720, 0.476480, 0.025760
153, 2048, 53, 0, 0, 0.006624, 0.489568, 0.025824
154, 2048, 54, 1, 1, 0.006496, 0.468512, 0.027072
155, 2048, 55, 0, 0, 0.006848, 0.478624, 0.027040
156, 2048, 56, 0, 0, 0.006432, 0.470304, 0.026976
157, 2048, 57, 3, 3, 0.006464, 0.472992, 0.027040
158, 2048, 58, 0, 0, 0.006816, 0.485536, 0.024928
159, 2048, 59, 0, 0, 0.006592, 0.472800, 0.026752
160, 2048, 60, 0, 0, 0.006592, 0.481376, 0.027488
161, 2048, 61, 1, 1, 0.006624, 0.475840, 0.026944
162, 2048, 62, 0, 0, 0.006464, 0.473888, 0.027136
163, 2048, 63, 1, 1, 0.006560, 0.470528, 0.024544
164, 2048, 64, 1, 1, 0.006624, 0.474176, 0.025792
165, 2048, 65, 0, 0, 0.006560, 0.472576, 0.027008
166, 2048, 66, 0, 0, 0.006528, 0.478976, 0.026880
167, 2048, 67, 0, 0, 0.006336, 0.469376, 0.027328
168, 2048, 68, 1, 1, 0.006496, 0.471392, 0.027328
169, 2048, 69, 0, 0, 0.006624, 0.490656, 0.025952
170, 2048, 70, 0, 0, 0.006528, 0.479744, 0.027104
171, 2048, 71, 0, 0, 0.006816, 0.473056, 0.026848
172, 2048, 72, 0, 0, 0.006560, 0.476224, 0.032352
173, 2048, 73, 0, 0, 0.006848, 0.474336, 0.027008
174, 2048, 74, 1, 1, 0.006880, 0.470048, 0.027392
175, 2048, 75, 1, 1, 0.014208, 0.483776, 0.025792
176, 2048, 76, 2, 2, 0.006624, 0.476224, 0.026304
177, 2048, 77, 0, 0, 0.006688, 0.468352, 0.026944
178, 2048, 78, 0, 0, 0.006560, 0.474208, 0.026688
179, 2048, 79, 0, 0, 0.006496, 0.468896, 0.027072
180, 2048, 80, 0, 0, 0.006528, 0.479072, 0.026976
181, 2048, 81, 2, 2, 0.006592, 0.485568, 0.025888
182, 2048, 82, 0, 0, 0.006688, 0.478304, 0.026976
183, 2048, 83, 0, 0, 0.006592, 0.476160, 0.027488
184, 2048, 84, 0, 0, 0.006592, 0.471680, 0.027072
185, 2048, 85, 0, 0, 0.006656, 0.468928, 0.027232
186, 2048, 86, 0, 0, 0.006528, 0.481696, 0.025824
187, 2048, 87, 0, 0, 0.006752, 0.474720, 0.025920
188, 2048, 88, 0, 0, 0.006432, 0.481280, 0.027136
189, 2048, 89, 0, 0, 0.006496, 0.479168, 0.027008
190, 2048, 90, 0, 0, 0.006560, 0.468800, 0.027168
191, 2048, 91, 0, 0, 0.006784, 0.478848, 0.027328
192, 2048, 92, 0, 0, 0.006624, 0.466432, 0.027424
193, 2048, 93, 0, 0, 0.006560, 0.487744, 0.025792
194, 2048, 94, 0, 0, 0.006656, 0.479264, 0.025888
195, 2048, 95, 0, 0, 0.006560, 0.468608, 0.027072
196, 2048, 96, 0, 0, 0.006592, 0.473440, 0.027104
197, 2048, 97, 0, 0, 0.006496, 0.478240, 0.026944
198, 2048, 98, 0, 0, 0.006496, 0.475744, 0.026080
199, 2048, 99, 0, 0, 0.006560, 0.479712, 0.026304
200, 4096, 0, 0, 0, 0.011616, 0.474080, 0.027008
201, 4096, 1, 0, 0, 0.011392, 0.473920, 0.026784
202, 4096, 2, 0, 0, 0.011584, 0.476000, 0.025696
203, 4096, 3, 0, 0, 0.011712, 0.486976, 0.026816
204, 4096, 4, 0, 0, 0.011648, 0.505856, 0.025664
205, 4096, 5, 0, 0, 0.011424, 0.476672, 0.026976
206, 4096, 6, 0, 0, 0.011552, 0.477824, 0.027040
207, 4096, 7, 0, 0, 0.011744, 0.478656, 0.025408
208, 4096, 8, 0, 0, 0.011616, 0.477376, 0.026016
209, 4096, 9, 0, 0, 0.011584, 0.487360, 0.025792
210, 4096, 10, 0, 0, 0.011456, 0.488608, 0.025632
211, 4096, 11, 0, 0, 0.011584, 0.473984, 0.026912
212, 4096, 12, 0, 0, 0.011552, 0.476512, 0.025632
213, 4096, 13, 0, 0, 0.011552, 0.488704, 0.025568
214, 4096, 14, 0, 0, 0.011488, 0.484064, 0.025760
215, 4096, 15, 0, 0, 0.011456, 0.490112, 0.026112
216, 4096, 16, 0, 0, 0.011392, 0.475296, 0.026848
217, 4096, 17, 0, 0, 0.011584, 0.478112, 0.025568
218, 4096, 18, 0, 0, 0.011328, 0.488736, 0.025728
219, 4096, 19, 0, 0, 0.011680, 0.484000, 0.026816
220, 4096, 20, 0, 0, 0.011616, 0.477440, 0.025760
221, 4096, 21, 0, 0, 0.011616, 0.474400, 0.026912
222, 4096, 22, 0, 0, 0.011488, 0.483552, 0.025824
223, 4096, 23, 0, 0, 0.011584, 0.490656, 0.025984
224, 4096, 24, 0, 0, 0.011424, 0.480352, 0.026240
225, 4096, 25, 1, 1, 0.011200, 0.490560, 0.025600
226, 4096, 26, 0, 0, 0.011616, 0.476320, 0.026752
227, 4096, 27, 0, 0, 0.011520, 0.485312, 0.025600
228, 4096, 28, 0, 0, 0.011488, 0.495360, 0.025792
229, 4096, 29, 0, 0, 0.011712, 0.482848, 0.025728
230, 4096, 30, 0, 0, 0.011776, 0.484096, 0.025664
231, 4096, 31, 0, 0, 0.011584, 0.473472, 0.027168
232, 4096, 32, 0, 0, 0.011584, 0.480256, 0.026880
233, 4096, 33, 1, 1, 0.011648, 0.476832, 0.025728
234, 4096, 34, 0, 0, 0.011488, 0.480288, 0.026656
235, 4096, 35, 0, 0, 0.012128, 0.476832, 0.026752
236, 4096, 36, 0, 0, 0.011520, 0.475360, 0.026720
237, 4096, 37, 0, 0, 0.011552, 0.489856, 0.025664
238, 4096, 38, 0, 0, 0.011648, 0.486784, 0.025792
239, 4096, 39, 0, 0, 0.011584, 0.475744, 0.026944
240, 4096, 40, 0, 0, 0.011520, 0.480576, 0.025984
241, 4096, 41, 0, 0, 0.011488, 0.483872, 0.025440
242, 4096, 42, 0, 0, 0.011584, 0.482176, 0.026944
243, 4096, 43, 0, 0, 0.011680, 0.486048, 0.025632
244, 4096, 44, 0, 0, 0.011616, 0.474784, 0.026848
245, 4096, 45, 0, 0, 0.011584, 0.478752, 0.025568
246, 4096, 46, 0, 0, 0.011520, 0.499584, 0.025600
247, 4096, 47, 0, 0, 0.011520, 0.486560, 0.025856
248, 4096, 48, 0, 0, 0.011520, 0.485600, 0.026944
249, 4096, 49, 0, 0, 0.011584, 0.474048, 0.026848
250, 4096, 50, 0, 0, 0.011360, 0.477472, 0.027136
251, 4096, 51, 0, 0, 0.011776, 0.486080, 0.025664
252, 4096, 52, 0, 0, 0.011520, 0.478272, 0.026880
253, 4096, 53, 1, 1, 0.011360, 0.478880, 0.026720
254, 4096, 54, 0, 0, 0.011616, 0.477792, 0.025824
255, 4096, 55, 0, 0, 0.011456, 0.475360, 0.026752
256, 4096, 56, 0, 0, 0.011552, 0.491648, 0.026080
257, 4096, 57, 0, 0, 0.011616, 0.481024, 0.026848
258, 4096, 58, 0, 0, 0.011584, 0.477792, 0.026720
259, 4096, 59, 0, 0, 0.011744, 0.478464, 0.025472
260, 4096, 60, 0, 0, 0.011520, 0.476736, 0.025408
261, 4096, 61, 0, 0, 0.011616, 0.499744, 0.025760
262, 4096, 62, 0, 0, 0.011584, 0.481920, 0.026816
263, 4096, 63, 0, 0, 0.011456, 0.476160, 0.027136
264, 4096, 64, 0, 0, 0.011616, 0.478272, 0.025824
265, 4096, 65, 1, 1, 0.011584, 0.478368, 0.025696
266, 4096, 66, 0, 0, 0.011648, 0.492352, 0.025664
267, 4096, 67, 0, 0, 0.011808, 0.484096, 0.025664
268, 4096, 68, 0, 0, 0.011392, 0.478400, 0.026944
269, 4096, 69, 0, 0, 0.011616, 0.477952, 0.025536
270, 4096, 70, 0, 0, 0.011584, 0.483488, 0.025760
271, 4096, 71, 0, 0, 0.011456, 0.491712, 0.026976
272, 4096, 72, 0, 0, 0.011584, 0.485984, 0.026080
273, 4096, 73, 0, 0, 0.011360, 0.494016, 0.026848
274, 4096, 74, 0, 0, 0.011584, 0.479552, 0.025792
275, 4096, 75, 0, 0, 0.011392, 0.476256, 0.025600
276, 4096, 76, 0, 0, 0.011584, 0.478016, 0.026944
277, 4096, 77, 0, 0, 0.011648, 0.480672, 0.025728
278, 4096, 78, 0, 0, 0.011552, 0.483200, 0.026848
279, 4096, 79, 0, 0, 0.011488, 0.485600, 0.027136
280, 4096, 80, 0, 0, 0.011520, 0.484224, 0.025792
281, 4096, 81, 0, 0, 0.011584, 0.477024, 0.026880
282, 4096, 82, 0, 0, 0.011456, 0.489504, 0.025312
283, 4096, 83, 0, 0, 0.011712, 0.479616, 0.026784
284, 4096, 84, 0, 0, 0.011520, 0.491872, 0.025728
285, 4096, 85, 0, 0, 0.011680, 0.481536, 0.025920
286, 4096, 86, 0, 0, 0.011552, 0.475648, 0.026944
287, 4096, 87, 0, 0, 0.011520, 0.477568, 0.025632
288, 4096, 88, 0, 0, 0.011552, 0.481600, 0.027104
289, 4096, 89, 0, 0, 0.011552, 0.488000, 0.025728
290, 4096, 90, 0, 0, 0.011488, 0.484448, 0.025728
291, 4096, 91, 0, 0, 0.011456, 0.474784, 0.026976
292, 4096, 92, 0, 0, 0.011872, 0.477920, 0.026944
293, 4096, 93, 0, 0, 0.011584, 0.480480, 0.032096
294, 4096, 94, 0, 0, 0.011456, 0.496832, 0.026848
295, 4096, 95, 0, 0, 0.011488, 0.479232, 0.026208
296, 4096, 96, 0, 0, 0.011680, 0.476128, 0.026816
297, 4096, 97, 0, 0, 0.011488, 0.490848, 0.025632
298, 4096, 98, 0, 0, 0.011520, 0.484960, 0.025600
299, 4096, 99, 0, 0, 0.011680, 0.480928, 0.025568
300, 8192, 0, 0, 0, 0.021216, 0.488736, 0.024032
301, 8192, 1, 0, 0, 0.021248, 0.488320, 0.024032
302, 8192, 2, 0, 0, 0.021184, 0.489024, 0.024224
303, 8192, 3, 0, 0, 0.021248, 0.480480, 0.024160
304, 8192, 4, 0, 0, 0.021248, 0.482880, 0.024480
305, 8192, 5, 0, 0, 0.020864, 0.483168, 0.024448
306, 8192, 6, 0, 0, 0.021344, 0.490336, 0.024128
307, 8192, 7, 0, 0, 0.021248, 0.485376, 0.024032
308, 8192, 8, 0, 0, 0.021312, 0.498144, 0.024320
309, 8192, 9, 0, 0, 0.021216, 0.494272, 0.024224
310, 8192, 10, 0, 0, 0.021376, 0.498016, 0.024064
311, 8192, 11, 0, 0, 0.021088, 0.484480, 0.024096
312, 8192, 12, 0, 0, 0.021152, 0.486688, 0.024160
313, 8192, 13, 0, 0, 0.022272, 0.493696, 0.024224
314, 8192, 14, 0, 0, 0.021216, 0.481952, 0.024096
315, 8192, 15, 0, 0, 0.021152, 0.492128, 0.024224
316, 8192, 16, 0, 0, 0.021216, 0.491136, 0.024096
317, 8192, 17, 0, 0, 0.022496, 0.489152, 0.024096
318, 8192, 18, 0, 0, 0.021184, 0.482752, 0.024096
319, 8192, 19, 0, 0, 0.021472, 0.485312, 0.024256
320, 8192, 20, 0, 0, 0.021312, 0.489248, 0.024096
321, 8192, 21, 0, 0, 0.021120, 0.483840, 0.024000
322, 8192, 22, 0, 0, 0.020160, 0.490592, 0.024096
323, 8192, 23, 0, 0, 0.021056, 0.501312, 0.029472
324, 8192, 24, 0, 0, 0.021120, 0.485984, 0.024320
325, 8192, 25, 0, 0, 0.021280, 0.481312, 0.024192
326, 8192, 26, 0, 0, 0.021216, 0.492064, 0.024160
327, 8192, 27, 0, 0, 0.021120, 0.480192, 0.024160
328, 8192, 28, 0, 0, 0.021248, 0.481152, 0.024192
329, 8192, 29, 0, 0, 0.021280, 0.483904, 0.022688
330, 8192, 30, 0, 0, 0.021056, 0.486080, 0.022880
331, 8192, 31, 0, 0, 0.021248, 0.489280, 0.024256
332, 8192, 32, 0, 0, 0.021312, 0.489600, 0.024160
333, 8192, 33, 0, 0, 0.021408, 0.486176, 0.024192
334, 8192, 34, 0, 0, 0.021152, 0.487776, 0.024544
335, 8192, 35, 0, 0, 0.021152, 0.497280, 0.024320
336, 8192, 36, 0, 0, 0.021216, 0.488352, 0.022752
337, 8192, 37, 0, 0, 0.021056, 0.483200, 0.022784
338, 8192, 38, 0, 0, 0.021216, 0.657344, 0.103680
339, 8192, 39, 0, 0, 0.021280, 0.484448, 0.024192
340, 8192, 40, 0, 0, 0.020992, 0.483264, 0.024192
341, 8192, 41, 0, 0, 0.020992, 0.489728, 0.024160
342, 8192, 42, 0, 0, 0.021248, 0.490048, 0.022848
343, 8192, 43, 0, 0, 0.021216, 0.478272, 0.022656
344, 8192, 44, 0, 0, 0.021216, 0.482528, 0.024192
345, 8192, 45, 0, 0, 0.021248, 0.504416, 0.024352
346, 8192, 46, 0, 0, 0.021152, 0.491744, 0.024288
347, 8192, 47, 0, 0, 0.021504, 0.482528, 0.022624
348, 8192, 48, 0, 0, 0.021216, 0.501792, 0.024224
349, 8192, 49, 0, 0, 0.021152, 0.480000, 0.024352
350, 8192, 50, 0, 0, 0.021440, 0.482688, 0.022816
351, 8192, 51, 0, 0, 0.021216, 0.481088, 0.024416
352, 8192, 52, 0, 0, 0.021056, 0.496992, 0.024256
353, 8192, 53, 0, 0, 0.021120, 0.483072, 0.024576
354, 8192, 54, 0, 0, 0.021312, 0.480544, 0.022848
355, 8192, 55, 0, 0, 0.021472, 0.492000, 0.024096
356, 8192, 56, 0, 0, 0.021280, 0.480224, 0.024288
357, 8192, 57, 0, 0, 0.021280, 0.493856, 0.024736
358, 8192, 58, 0, 0, 0.021056, 0.482368, 0.022688
359, 8192, 59, 0, 0, 0.021216, 0.482560, 0.024128
360, 8192, 60, 0, 0, 0.020832, 0.489760, 0.029440
361, 8192, 61, 0, 0, 0.021024, 0.483616, 0.024288
362, 8192, 62, 0, 0, 0.021120, 0.482496, 0.023872
363, 8192, 63, 0, 0, 0.021312, 0.492160, 0.022720
364, 8192, 64, 0, 0, 0.021440, 0.481952, 0.024480
365, 8192, 65, 0, 0, 0.021312, 0.482368, 0.024352
366, 8192, 66, 0, 0, 0.022432, 0.498208, 0.023808
367, 8192, 67, 0, 0, 0.021504, 0.484544, 0.022720
368, 8192, 68, 0, 0, 0.021312, 0.484704, 0.024320
369, 8192, 69, 0, 0, 0.021216, 0.495456, 0.034976
370, 8192, 70, 0, 0, 0.021248, 0.481312, 0.023808
371, 8192, 71, 0, 0, 0.021248, 0.483520, 0.024416
372, 8192, 72, 0, 0, 0.021440, 0.487680, 0.024224
373, 8192, 73, 0, 0, 0.021184, 0.499488, 0.024128
374, 8192, 74, 0, 0, 0.021312, 0.484384, 0.024320
375, 8192, 75, 0, 0, 0.025856, 0.478752, 0.022688
376, 8192, 76, 0, 0, 0.021216, 0.489760, 0.022752
377, 8192, 77, 0, 0, 0.021248, 0.487680, 0.024288
378, 8192, 78, 0, 0, 0.021312, 0.481920, 0.022752
379, 8192, 79, 0, 0, 0.021376, 0.491424, 0.024608
380, 8192, 80, 1, 1, 0.021184, 0.482336, 0.024448
381, 8192, 81, 0, 0, 0.021184, 0.482336, 0.022560
382, 8192, 82, 0, 0, 0.021216, 0.494560, 0.024352
383, 8192, 83, 0, 0, 0.021120, 0.480032, 0.024192
384, 8192, 84, 0, 0, 0.020864, 0.503488, 0.024192
385, 8192, 85, 0, 0, 0.021184, 0.481088, 0.024096
386, 8192, 86, 0, 0, 0.021184, 0.482624, 0.022752
387, 8192, 87, 0, 0, 0.021248, 0.489280, 0.024064
388, 8192, 88, 0, 0, 0.021248, 0.482880, 0.022784
389, 8192, 89, 0, 0, 0.021056, 0.484480, 0.024192
390, 8192, 90, 0, 0, 0.021056, 0.486144, 0.024384
391, 8192, 91, 0, 0, 0.021152, 0.490400, 0.024096
392, 8192, 92, 0, 0, 0.021440, 0.481248, 0.022784
393, 8192, 93, 0, 0, 0.021152, 0.486624, 0.022752
394, 8192, 94, 0, 0, 0.021216, 0.490848, 0.025056
395, 8192, 95, 0, 0, 0.021248, 0.483520, 0.022592
396, 8192, 96, 0, 0, 0.021216, 0.485376, 0.024192
397, 8192, 97, 0, 0, 0.021184, 0.482112, 0.022880
398, 8192, 98, 0, 0, 0.021280, 0.489056, 0.024288
399, 8192, 99, 0, 0, 0.021024, 0.481824, 0.022752
400, 16384, 0, 0, 0, 0.040800, 0.493632, 0.022464
401, 16384, 1, 0, 0, 0.040512, 0.498912, 0.022464
402, 16384, 2, 0, 0, 0.040448, 0.492416, 0.022432
403, 16384, 3, 0, 0, 0.040640, 0.507808, 0.022496
404, 16384, 4, 0, 0, 0.040640, 0.495008, 0.022528
405, 16384, 5, 0, 0, 0.040256, 0.507488, 0.022496
406, 16384, 6, 0, 0, 0.050144, 0.494688, 0.022464
407, 16384, 7, 0, 0, 0.040384, 0.499744, 0.022496
408, 16384, 8, 0, 0, 0.040480, 0.500992, 0.022560
409, 16384, 9, 0, 0, 0.040480, 0.505216, 0.022496
410, 16384, 10, 0, 0, 0.040800, 0.494304, 0.022592
411, 16384, 11, 0, 0, 0.040480, 0.493632, 0.022496
412, 16384, 12, 0, 0, 0.040736, 0.492832, 0.022592
413, 16384, 13, 0, 0, 0.040576, 0.502144, 0.022656
414, 16384, 14, 0, 0, 0.040800, 0.497024, 0.022592
415, 16384, 15, 0, 0, 0.040704, 0.505024, 0.023072
416, 16384, 16, 0, 0, 0.040576, 0.500064, 0.022496
417, 16384, 17, 0, 0, 0.040736, 0.508896, 0.022592
418, 16384, 18, 0, 0, 0.040480, 0.497504, 0.023040
419, 16384, 19, 0, 0, 0.040896, 0.501952, 0.022528
420, 16384, 20, 0, 0, 0.040896, 0.494944, 0.022496
421, 16384, 21, 0, 0, 0.040640, 0.498592, 0.022592
422, 16384, 22, 0, 0, 0.040544, 0.505376, 0.022528
423, 16384, 23, 0, 0, 0.040896, 0.504032, 0.022528
424, 16384, 24, 0, 0, 0.039424, 0.496832, 0.022400
425, 16384, 25, 0, 0, 0.040320, 0.494912, 0.022496
426, 16384, 26, 0, 0, 0.040640, 0.506528, 0.022496
427, 16384, 27, 0, 0, 0.040480, 0.499616, 0.022432
428, 16384, 28, 0, 0, 0.040800, 0.493920, 0.022592
429, 16384, 29, 0, 0, 0.040672, 0.505760, 0.022432
430, 16384, 30, 0, 0, 0.040896, 0.500032, 0.024256
431, 16384, 31, 0, 0, 0.039520, 0.498048, 0.022464
432, 16384, 32, 0, 0, 0.040384, 0.498368, 0.022656
433, 16384, 33, 0, 0, 0.040608, 0.498048, 0.022464
434, 16384, 34, 0, 0, 0.040672, 0.505152, 0.022528
435, 16384, 35, 0, 0, 0.040608, 0.492256, 0.022464
436, 16384, 36, 0, 0, 0.040576, 0.505728, 0.022496
437, 16384, 37, 0, 0, 0.040800, 0.497696, 0.022560
438, 16384, 38, 0, 0, 0.040608, 0.506112, 0.022560
439, 16384, 39, 0, 0, 0.040544, 0.498816, 0.023040
440, 16384, 40, 0, 0, 0.040480, 0.496256, 0.022464
441, 16384, 41, 0, 0, 0.040736, 0.494176, 0.022496
442, 16384, 42, 0, 0, 0.040576, 0.504832, 0.022560
443, 16384, 43, 0, 0, 0.041664, 0.499616, 0.022496
444, 16384, 44, 0, 0, 0.040480, 0.500608, 0.022496
445, 16384, 45, 0, 0, 0.040768, 0.502656, 0.022496
446, 16384, 46, 0, 0, 0.040608, 0.496352, 0.022976
447, 16384, 47, 0, 0, 0.040640, 0.503808, 0.022496
448, 16384, 48, 0, 0, 0.040480, 0.495392, 0.022656
449, 16384, 49, 0, 0, 0.040512, 0.500768, 0.022560
450, 16384, 50, 0, 0, 0.039680, 0.496576, 0.022688
451, 16384, 51, 0, 0, 0.040832, 0.504352, 0.022560
452, 16384, 52, 0, 0, 0.040736, 0.500288, 0.022656
453, 16384, 53, 0, 0, 0.040512, 0.495136, 0.022528
454, 16384, 54, 0, 0, 0.040704, 0.493824, 0.022432
455, 16384, 55, 0, 0, 0.040352, 0.503264, 0.022528
456, 16384, 56, 0, 0, 0.040896, 0.492128, 0.022624
457, 16384, 57, 0, 0, 0.040768, 0.511136, 0.022592
458, 16384, 58, 0, 0, 0.040576, 0.497312, 0.022496
459, 16384, 59, 0, 0, 0.040416, 0.498752, 0.022400
460, 16384, 60, 0, 0, 0.040768, 0.506048, 0.022496
461, 16384, 61, 0, 0, 0.040704, 0.493728, 0.022560
462, 16384, 62, 0, 0, 0.040736, 0.501248, 0.022496
463, 16384, 63, 0, 0, 0.040672, 0.497536, 0.023008
464, 16384, 64, 0, 0, 0.040544, 0.505888, 0.022528
465, 16384, 65, 0, 0, 0.040800, 0.500448, 0.022464
466, 16384, 66, 0, 0, 0.040576, 0.510400, 0.022688
467, 16384, 67, 0, 0, 0.040864, 0.492928, 0.022528
468, 16384, 68, 0, 0, 0.040704, 0.497824, 0.022592
469, 16384, 69, 0, 0, 0.041216, 0.504416, 0.022528
470, 16384, 70, 0, 0, 0.040800, 0.499616, 0.023072
471, 16384, 71, 0, 0, 0.041088, 0.501856, 0.022496
472, 16384, 72, 0, 0, 0.040544, 0.505888, 0.022496
473, 16384, 73, 0, 0, 0.040704, 0.503616, 0.022560
474, 16384, 74, 0, 0, 0.041088, 0.499680, 0.022528
475, 16384, 75, 0, 0, 0.040608, 0.495328, 0.022496
476, 16384, 76, 0, 0, 0.040672, 0.500256, 0.022464
477, 16384, 77, 0, 0, 0.040672, 0.496480, 0.023040
478, 16384, 78, 0, 0, 0.040704, 0.507616, 0.022496
479, 16384, 79, 0, 0, 0.040640, 0.496288, 0.022432
480, 16384, 80, 0, 0, 0.039360, 0.506880, 0.022624
481, 16384, 81, 0, 0, 0.040896, 0.497952, 0.022624
482, 16384, 82, 0, 0, 0.040512, 0.506240, 0.022432
483, 16384, 83, 0, 0, 0.040864, 0.494208, 0.022304
484, 16384, 84, 0, 0, 0.040512, 0.496960, 0.022464
485, 16384, 85, 0, 0, 0.040416, 0.497344, 0.022656
486, 16384, 86, 0, 0, 0.040672, 0.498944, 0.022496
487, 16384, 87, 0, 0, 0.040544, 0.509056, 0.022944
488, 16384, 88, 0, 0, 0.040704, 0.494784, 0.022432
489, 16384, 89, 0, 0, 0.040672, 0.505056, 0.022560
490, 16384, 90, 0, 0, 0.040736, 0.497248, 0.022656
491, 16384, 91, 0, 0, 0.040320, 0.502816, 0.022368
492, 16384, 92, 0, 0, 0.040960, 0.502816, 0.022496
493, 16384, 93, 0, 0, 0.040640, 0.505952, 0.022464
494, 16384, 94, 0, 0, 0.040832, 0.509152, 0.022912
495, 16384, 95, 0, 0, 0.040800, 0.499776, 0.022368
496, 16384, 96, 0, 0, 0.050176, 0.494816, 0.022560
497, 16384, 97, 0, 0, 0.040608, 0.504128, 0.023104
498, 16384, 98, 0, 0, 0.040608, 0.554784, 0.022528
499, 16384, 99, 0, 0, 0.041728, 0.507680, 0.022432
500, 32768, 0, 0, 0, 0.079552, 0.531776, 0.023744
501, 32768, 1, 0, 0, 0.079552, 0.520704, 0.023680
502, 32768, 2, 0, 0, 0.079776, 0.525152, 0.023744
503, 32768, 3, 0, 0, 0.079424, 0.533984, 0.024064
504, 32768, 4, 0, 0, 0.079328, 0.529088, 0.024000
505, 32768, 5, 0, 0, 0.079712, 0.681952, 0.088480
506, 32768, 6, 0, 0, 0.079264, 0.532672, 0.024864
507, 32768, 7, 0, 0, 0.079296, 0.527808, 0.023744
508, 32768, 8, 0, 0, 0.079648, 0.528000, 0.023776
509, 32768, 9, 0, 0, 0.079424, 0.538848, 0.023648
510, 32768, 10, 0, 0, 0.079200, 0.523040, 0.023616
511, 32768, 11, 0, 0, 0.079232, 0.522784, 0.023680
512, 32768, 12, 0, 0, 0.079520, 0.529344, 0.023616
513, 32768, 13, 0, 0, 0.079072, 0.533024, 0.023776
514, 32768, 14, 0, 0, 0.085184, 0.522144, 0.023712
515, 32768, 15, 0, 0, 0.079488, 0.533248, 0.025056
516, 32768, 16, 0, 0, 0.079328, 0.531840, 0.023680
517, 32768, 17, 0, 0, 0.079488, 0.522688, 0.023872
518, 32768, 18, 0, 0, 0.079328, 0.521312, 0.023680
519, 32768, 19, 0, 0, 0.078976, 0.525696, 0.023840
520, 32768, 20, 0, 0, 0.079264, 0.523360, 0.024256
521, 32768, 21, 0, 0, 0.079744, 0.529056, 0.023776
522, 32768, 22, 0, 0, 0.079424, 0.534560, 0.025088
523, 32768, 23, 0, 0, 0.085472, 0.520960, 0.023712
524, 32768, 24, 0, 0, 0.079168, 0.521312, 0.023712
525, 32768, 25, 0, 0, 0.079200, 0.520768, 0.023616
526, 32768, 26, 0, 0, 0.079872, 0.525792, 0.023648
527, 32768, 27, 0, 0, 0.079328, 0.529120, 0.023712
528, 32768, 28, 0, 0, 0.079456, 0.528960, 0.023648
529, 32768, 29, 0, 0, 0.079616, 0.538912, 0.024288
530, 32768, 30, 0, 0, 0.079936, 0.535200, 0.023776
531, 32768, 31, 0, 0, 0.079584, 0.521696, 0.023872
532, 32768, 32, 0, 0, 0.079328, 0.528384, 0.023680
533, 32768, 33, 0, 0, 0.079808, 0.547584, 0.023712
534, 32768, 34, 0, 0, 0.079264, 0.523008, 0.024192
535, 32768, 35, 0, 0, 0.079488, 0.531616, 0.023648
536, 32768, 36, 0, 0, 0.078496, 0.538336, 0.024224
537, 32768, 37, 0, 0, 0.079392, 0.533504, 0.024832
538, 32768, 38, 0, 0, 0.084800, 0.528096, 0.023712
539, 32768, 39, 0, 0, 0.079904, 0.524096, 0.023680
540, 32768, 40, 0, 0, 0.079552, 0.532608, 0.023680
541, 32768, 41, 0, 0, 0.079264, 0.525472, 0.023680
542, 32768, 42, 0, 0, 0.079168, 0.523328, 0.023744
543, 32768, 43, 0, 0, 0.079456, 0.536800, 0.024288
544, 32768, 44, 0, 0, 0.079200, 0.528192, 0.023776
545, 32768, 45, 0, 0, 0.079264, 0.524000, 0.023712
546, 32768, 46, 0, 0, 0.079456, 0.532800, 0.023520
547, 32768, 47, 0, 0, 0.085152, 0.533824, 0.023776
548, 32768, 48, 0, 0, 0.079552, 0.525472, 0.023936
549, 32768, 49, 0, 0, 0.079328, 0.525120, 0.023776
550, 32768, 50, 0, 0, 0.079456, 0.534112, 0.023936
551, 32768, 51, 0, 0, 0.079328, 0.534336, 0.025120
552, 32768, 52, 0, 0, 0.079072, 0.523360, 0.023776
553, 32768, 53, 0, 0, 0.079200, 0.529248, 0.023712
554, 32768, 54, 0, 0, 0.079456, 0.546368, 0.023680
555, 32768, 55, 0, 0, 0.079232, 0.530560, 0.023744
556, 32768, 56, 0, 0, 0.079296, 0.527328, 0.023584
557, 32768, 57, 0, 0, 0.079360, 0.523488, 0.023872
558, 32768, 58, 0, 0, 0.079424, 0.522688, 0.023776
559, 32768, 59, 0, 0, 0.079488, 0.532096, 0.023648
560, 32768, 60, 0, 0, 0.079424, 0.535904, 0.023744
561, 32768, 61, 0, 0, 0.080032, 0.527104, 0.024960
562, 32768, 62, 0, 0, 0.079552, 0.530080, 0.024160
563, 32768, 63, 0, 0, 0.086496, 0.529056, 0.023808
564, 32768, 64, 0, 0, 0.079232, 0.525952, 0.023936
565, 32768, 65, 0, 0, 0.080096, 0.522848, 0.024512
566, 32768, 66, 0, 0, 0.079360, 0.523008, 0.023680
567, 32768, 67, 0, 0, 0.079584, 0.538560, 0.023616
568, 32768, 68, 0, 0, 0.079424, 0.521472, 0.023680
569, 32768, 69, 0, 0, 0.079488, 0.530816, 0.023680
570, 32768, 70, 0, 0, 0.080672, 0.538560, 0.023776
571, 32768, 71, 0, 0, 0.080672, 0.526048, 0.023744
572, 32768, 72, 0, 0, 0.079296, 0.527712, 0.023712
573, 32768, 73, 0, 0, 0.079392, 0.529216, 0.023744
574, 32768, 74, 0, 0, 0.078880, 0.525920, 0.023616
575, 32768, 75, 0, 0, 0.079520, 0.545408, 0.024000
576, 32768, 76, 0, 0, 0.079296, 0.523744, 0.023776
577, 32768, 77, 0, 0, 0.079328, 0.526560, 0.023776
578, 32768, 78, 0, 0, 0.079808, 0.522784, 0.023840
579, 32768, 79, 0, 0, 0.079232, 0.524832, 0.024064
580, 32768, 80, 0, 0, 0.079232, 0.532192, 0.023776
581, 32768, 81, 0, 0, 0.079424, 0.532448, 0.023680
582, 32768, 82, 0, 0, 0.078816, 0.534080, 0.025216
583, 32768, 83, 0, 0, 0.084704, 0.518752, 0.023776
584, 32768, 84, 0, 0, 0.079296, 0.523616, 0.023616
585, 32768, 85, 0, 0, 0.084768, 0.525760, 0.023648
586, 32768, 86, 0, 0, 0.085280, 0.531296, 0.023808
587, 32768, 87, 0, 0, 0.079392, 0.522528, 0.023616
588, 32768, 88, 0, 0, 0.079328, 0.540416, 0.023712
589, 32768, 89, 0, 0, 0.079360, 0.535168, 0.024000
590, 32768, 90, 0, 0, 0.079968, 0.528448, 0.023776
591, 32768, 91, 0, 0, 0.079360, 0.529440, 0.023776
592, 32768, 92, 0, 0, 0.079552, 0.526176, 0.023808
593, 32768, 93, 0, 0, 0.079456, 0.542880, 0.023936
594, 32768, 94, 0, 0, 0.079488, 0.670976, 0.089056
595, 32768, 95, 0, 0, 0.079392, 0.536160, 0.023616
596, 32768, 96, 0, 0, 0.079232, 0.540672, 0.024512
597, 32768, 97, 0, 0, 0.086848, 0.519424, 0.023744
598, 32768, 98, 0, 0, 0.085472, 0.528640, 0.023680
599, 32768, 99, 0, 0, 0.079520, 0.525152, 0.024064
600, 65536, 0, 0, 0, 0.156800, 0.591328, 0.026208
601, 65536, 1, 0, 0, 0.156992, 0.582464, 0.026304
602, 65536, 2, 0, 0, 0.162592, 0.583584, 0.026368
603, 65536, 3, 0, 0, 0.156960, 0.590816, 0.026368
604, 65536, 4, 0, 0, 0.156704, 0.588064, 0.026112
605, 65536, 5, 0, 0, 0.157088, 0.587904, 0.025920
606, 65536, 6, 0, 0, 0.157408, 0.582176, 0.026112
607, 65536, 7, 0, 0, 0.156896, 0.580736, 0.025888
608, 65536, 8, 0, 0, 0.157312, 0.591232, 0.026496
609, 65536, 9, 0, 0, 0.157216, 0.581376, 0.026080
610, 65536, 10, 0, 0, 0.163392, 0.581440, 0.026144
611, 65536, 11, 0, 0, 0.161856, 0.589440, 0.026144
612, 65536, 12, 0, 0, 0.157216, 0.582624, 0.025920
613, 65536, 13, 0, 0, 0.158144, 0.588256, 0.026304
614, 65536, 14, 0, 0, 0.157632, 0.584864, 0.026080
615, 65536, 15, 0, 0, 0.156864, 0.581920, 0.026528
616, 65536, 16, 0, 0, 0.157248, 0.594720, 0.026080
617, 65536, 17, 0, 0, 0.157408, 0.593536, 0.026112
618, 65536, 18, 0, 0, 0.157248, 0.580288, 0.026144
619, 65536, 19, 0, 0, 0.161952, 0.578784, 0.026304
620, 65536, 20, 0, 0, 0.156736, 0.582272, 0.025952
621, 65536, 21, 0, 0, 0.157856, 0.589120, 0.025984
622, 65536, 22, 0, 0, 0.157184, 0.590560, 0.026080
623, 65536, 23, 0, 0, 0.157024, 0.590816, 0.026336
624, 65536, 24, 0, 0, 0.157184, 0.581472, 0.025856
625, 65536, 25, 0, 0, 0.156864, 0.577312, 0.026496
626, 65536, 26, 0, 0, 0.157120, 0.582496, 0.026496
627, 65536, 27, 0, 0, 0.162784, 0.580192, 0.026272
628, 65536, 28, 0, 0, 0.157024, 0.586336, 0.026368
629, 65536, 29, 0, 0, 0.157344, 0.580256, 0.026080
630, 65536, 30, 0, 0, 0.156640, 0.592064, 0.026208
631, 65536, 31, 0, 0, 0.157312, 0.586720, 0.026112
632, 65536, 32, 0, 0, 0.157280, 0.582848, 0.026048
633, 65536, 33, 0, 0, 0.156544, 0.589024, 0.025984
634, 65536, 34, 0, 0, 0.157152, 0.582272, 0.025984
635, 65536, 35, 0, 0, 0.156992, 0.580704, 0.026080
636, 65536, 36, 0, 0, 0.156928, 0.590976, 0.026400
637, 65536, 37, 0, 0, 0.157216, 0.588256, 0.026176
638, 65536, 38, 0, 0, 0.162528, 0.581312, 0.026176
639, 65536, 39, 0, 0, 0.156992, 0.591840, 0.026240
640, 65536, 40, 0, 0, 0.158048, 0.331904, 0.026400
641, 65536, 41, 0, 0, 0.157280, 0.336576, 0.026080
642, 65536, 42, 0, 0, 0.156608, 0.332160, 0.025952
643, 65536, 43, 0, 0, 0.157472, 0.331936, 0.026080
644, 65536, 44, 0, 0, 0.163424, 0.423040, 0.070816
645, 65536, 45, 0, 0, 0.157376, 0.332320, 0.026112
646, 65536, 46, 0, 0, 0.157248, 0.334912, 0.025952
647, 65536, 47, 0, 0, 0.156960, 0.331360, 0.026432
648, 65536, 48, 0, 0, 0.161632, 0.332352, 0.026048
649, 65536, 49, 0, 0, 0.156992, 0.331776, 0.026176
650, 65536, 50, 0, 0, 0.157056, 0.342400, 0.026400
651, 65536, 51, 0, 0, 0.157472, 0.332512, 0.026368
652, 65536, 52, 0, 0, 0.162784, 0.332416, 0.026208
653, 65536, 53, 0, 0, 0.163296, 0.328288, 0.026272
654, 65536, 54, 0, 0, 0.157376, 0.331072, 0.026080
655, 65536, 55, 0, 0, 0.157216, 0.334944, 0.026144
656, 65536, 56, 0, 0, 0.157280, 0.333280, 0.026336
657, 65536, 57, 0, 0, 0.157312, 0.338176, 0.026176
658, 65536, 58, 0, 0, 0.157120, 0.331904, 0.025952
659, 65536, 59, 0, 0, 0.157696, 0.337568, 0.025888
660, 65536, 60, 0, 0, 0.156864, 0.336608, 0.026016
661, 65536, 61, 0, 0, 0.156992, 0.332096, 0.025984
662, 65536, 62, 0, 0, 0.157216, 0.335264, 0.026112
663, 65536, 63, 0, 0, 0.157568, 0.328608, 0.025984
664, 65536, 64, 0, 0, 0.163008, 0.326496, 0.026208
665, 65536, 65, 0, 0, 0.162720, 0.324032, 0.026048
666, 65536, 66, 0, 0, 0.156864, 0.324128, 0.026336
667, 65536, 67, 0, 0, 0.157088, 0.333408, 0.026432
668, 65536, 68, 0, 0, 0.157440, 0.341408, 0.026176
669, 65536, 69, 0, 0, 0.157088, 0.336896, 0.025856
670, 65536, 70, 0, 0, 0.157728, 0.332096, 0.025888
671, 65536, 71, 0, 0, 0.156896, 0.340864, 0.026016
672, 65536, 72, 0, 0, 0.166880, 0.331648, 0.025824
673, 65536, 73, 0, 0, 0.156544, 0.326752, 0.025888
674, 65536, 74, 0, 0, 0.157056, 0.332480, 0.026080
675, 65536, 75, 0, 0, 0.157056, 0.332192, 0.025952
676, 65536, 76, 0, 0, 0.157280, 0.338048, 0.025888
677, 65536, 77, 0, 0, 0.163872, 0.326784, 0.025952
678, 65536, 78, 0, 0, 0.156736, 0.332320, 0.026112
679, 65536, 79, 0, 0, 0.157312, 0.330752, 0.026048
680, 65536, 80, 0, 0, 0.156832, 0.327776, 0.025792
681, 65536, 81, 0, 0, 0.156832, 0.338016, 0.025728
682, 65536, 82, 0, 0, 0.156672, 0.333312, 0.026176
683, 65536, 83, 0, 0, 0.157504, 0.341088, 0.026048
684, 65536, 84, 0, 0, 0.157088, 0.340928, 0.025728
685, 65536, 85, 0, 0, 0.166016, 0.332032, 0.026016
686, 65536, 86, 0, 0, 0.157184, 0.333600, 0.026176
687, 65536, 87, 0, 0, 0.157632, 0.331488, 0.025792
688, 65536, 88, 0, 0, 0.185088, 0.484512, 0.025824
689, 65536, 89, 0, 0, 0.156672, 0.332256, 0.025856
690, 65536, 90, 0, 0, 0.157568, 0.337504, 0.025856
691, 65536, 91, 0, 0, 0.156864, 0.330560, 0.025888
692, 65536, 92, 0, 0, 0.157024, 0.331968, 0.025888
693, 65536, 93, 0, 0, 0.157312, 0.423936, 0.071104
694, 65536, 94, 0, 0, 0.157120, 0.330528, 0.026016
695, 65536, 95, 0, 0, 0.157216, 0.337536, 0.026016
696, 65536, 96, 0, 0, 0.157696, 0.332128, 0.026016
697, 65536, 97, 0, 0, 0.157312, 0.331488, 0.025792
698, 65536, 98, 0, 0, 0.163488, 0.332480, 0.026112
699, 65536, 99, 0, 0, 0.156960, 0.374816, 0.026016
700, 131072, 0, 0, 0, 0.585216, 0.469888, 0.043040
701, 131072, 1, 0, 0, 0.570016, 0.453952, 0.042976
702, 131072, 2, 0, 0, 0.585408, 0.458912, 0.043200
703, 131072, 3, 0, 0, 0.318496, 0.452800, 0.042912
704, 131072, 4, 0, 0, 0.587328, 0.455232, 0.043296
705, 131072, 5, 0, 0, 0.313664, 0.451552, 0.043008
706, 131072, 6, 0, 0, 0.587584, 0.455392, 0.043072
707, 131072, 7, 0, 0, 0.313376, 0.460288, 0.043136
708, 131072, 8, 0, 0, 0.580256, 0.461504, 0.043104
709, 131072, 9, 0, 0, 0.582720, 0.454400, 0.043328
710, 131072, 10, 0, 0, 0.580704, 0.455552, 0.043136
711, 131072, 11, 0, 0, 0.582496, 0.460064, 0.043200
712, 131072, 12, 0, 0, 0.582912, 0.453024, 0.043136
713, 131072, 13, 0, 0, 0.570656, 0.453856, 0.043136
714, 131072, 14, 0, 0, 0.579552, 0.455552, 0.043264
715, 131072, 15, 0, 0, 0.588256, 0.456832, 0.043200
716, 131072, 16, 0, 0, 0.318816, 0.450176, 0.043072
717, 131072, 17, 0, 0, 0.565792, 0.460000, 0.043104
718, 131072, 18, 0, 0, 0.696896, 0.454016, 0.043040
719, 131072, 19, 0, 0, 0.366016, 0.664832, 0.043456
720, 131072, 20, 0, 0, 0.311424, 0.461792, 0.043232
721, 131072, 21, 0, 0, 0.311360, 0.459072, 0.043168
722, 131072, 22, 0, 0, 0.316608, 0.461888, 0.050240
723, 131072, 23, 0, 0, 0.317376, 0.454208, 0.043136
724, 131072, 24, 0, 0, 0.314304, 0.449152, 0.043072
725, 131072, 25, 0, 0, 0.318080, 0.454272, 0.043008
726, 131072, 26, 0, 0, 0.311584, 0.453440, 0.043072
727, 131072, 27, 0, 0, 0.312448, 0.459712, 0.043168
728, 131072, 28, 0, 0, 0.319008, 0.454688, 0.043200
729, 131072, 29, 0, 0, 0.312224, 0.461760, 0.043296
730, 131072, 30, 0, 0, 0.312288, 0.456928, 0.043104
731, 131072, 31, 0, 0, 0.317824, 0.454464, 0.043040
732, 131072, 32, 0, 0, 0.312032, 0.455040, 0.043072
733, 131072, 33, 0, 0, 0.312320, 0.459168, 0.043136
734, 131072, 34, 0, 0, 0.311776, 0.456768, 0.043104
735, 131072, 35, 0, 0, 0.312576, 0.455744, 0.043008
736, 131072, 36, 0, 0, 0.313472, 0.459648, 0.043168
737, 131072, 37, 0, 0, 0.312448, 0.458272, 0.043136
738, 131072, 38, 0, 0, 0.318176, 0.450816, 0.043264
739, 131072, 39, 0, 0, 0.318720, 0.455552, 0.043232
740, 131072, 40, 0, 0, 0.316640, 0.452512, 0.043008
741, 131072, 41, 0, 0, 0.317408, 0.456384, 0.043136
742, 131072, 42, 0, 0, 0.318080, 0.455616, 0.043232
743, 131072, 43, 0, 0, 0.312032, 0.456480, 0.043232
744, 131072, 44, 0, 0, 0.312672, 0.460512, 0.043200
745, 131072, 45, 0, 0, 0.312256, 0.680768, 0.043456
746, 131072, 46, 0, 0, 0.312192, 0.455808, 0.043104
747, 131072, 47, 0, 0, 0.318208, 0.453760, 0.043072
748, 131072, 48, 0, 0, 0.312960, 0.523424, 0.049504
749, 131072, 49, 0, 0, 0.311744, 0.453472, 0.043104
750, 131072, 50, 0, 0, 0.312128, 0.454816, 0.043296
751, 131072, 51, 0, 0, 0.312032, 0.458112, 0.043264
752, 131072, 52, 0, 0, 0.317408, 0.455328, 0.043040
753, 131072, 53, 0, 0, 0.311872, 0.450624, 0.043104
754, 131072, 54, 0, 0, 0.312000, 0.454304, 0.043264
755, 131072, 55, 0, 0, 0.312256, 0.456160, 0.043040
756, 131072, 56, 0, 0, 0.312512, 0.460832, 0.043136
757, 131072, 57, 0, 0, 0.312576, 0.453728, 0.042944
758, 131072, 58, 0, 0, 0.312160, 0.457664, 0.043168
759, 131072, 59, 0, 0, 0.317952, 0.458464, 0.043136
760, 131072, 60, 0, 0, 0.311872, 0.457152, 0.043296
761, 131072, 61, 0, 0, 0.312992, 0.464224, 0.043040
762, 131072, 62, 0, 0, 0.312224, 0.462144, 0.043040
763, 131072, 63, 0, 0, 0.317600, 0.455360, 0.043136
764, 131072, 64, 0, 0, 0.317664, 0.455680, 0.043072
765, 131072, 65, 0, 0, 0.317440, 0.455776, 0.043232
766, 131072, 66, 0, 0, 0.313312, 0.460160, 0.042976
767, 131072, 67, 0, 0, 0.311872, 0.460160, 0.043104
768, 131072, 68, 0, 0, 0.318848, 0.456704, 0.043104
769, 131072, 69, 0, 0, 0.312352, 0.462752, 0.043360
770, 131072, 70, 0, 0, 0.312480, 0.454464, 0.043360
771, 131072, 71, 0, 0, 0.312352, 0.455776, 0.043232
772, 131072, 72, 0, 0, 0.311520, 0.456224, 0.043168
773, 131072, 73, 0, 0, 0.312096, 0.455552, 0.043136
774, 131072, 74, 0, 0, 0.312128, 0.527744, 0.048640
775, 131072, 75, 0, 0, 0.317856, 0.443008, 0.043168
776, 131072, 76, 0, 0, 0.317184, 0.454944, 0.043072
777, 131072, 77, 0, 0, 0.311648, 0.460576, 0.043040
778, 131072, 78, 0, 0, 0.311040, 0.454496, 0.043232
779, 131072, 79, 0, 0, 0.311872, 0.461440, 0.043360
780, 131072, 80, 0, 0, 0.319072, 0.453184, 0.043104
781, 131072, 81, 0, 0, 0.311904, 0.462176, 0.043104
782, 131072, 82, 0, 0, 0.312832, 0.460224, 0.043136
783, 131072, 83, 0, 0, 0.312064, 0.458976, 0.043136
784, 131072, 84, 0, 0, 0.318336, 0.453216, 0.043040
785, 131072, 85, 0, 0, 0.312480, 0.455584, 0.043264
786, 131072, 86, 0, 0, 0.312352, 0.454752, 0.043360
787, 131072, 87, 0, 0, 0.311808, 0.462304, 0.043104
788, 131072, 88, 0, 0, 0.313536, 0.454048, 0.043264
789, 131072, 89, 0, 0, 0.312256, 0.454976, 0.043136
790, 131072, 90, 0, 0, 0.312000, 0.455488, 0.043008
791, 131072, 91, 0, 0, 0.313312, 0.454112, 0.043008
792, 131072, 92, 0, 0, 0.312256, 0.460832, 0.043072
793, 131072, 93, 0, 0, 0.317888, 0.455136, 0.043008
794, 131072, 94, 0, 0, 0.312384, 0.459424, 0.043136
795, 131072, 95, 0, 0, 0.319520, 0.455136, 0.043072
796, 131072, 96, 0, 0, 0.317664, 0.455008, 0.043264
797, 131072, 97, 0, 0, 0.313280, 0.453056, 0.043040
798, 131072, 98, 0, 0, 0.312256, 0.460896, 0.043104
799, 131072, 99, 0, 0, 0.320224, 0.448160, 0.043136
800, 262144, 0, 0, 0, 0.944960, 0.788224, 0.079840
801, 262144, 1, 0, 0, 0.828032, 0.707424, 0.080160
802, 262144, 2, 0, 0, 0.828576, 0.705568, 0.079904
803, 262144, 3, 0, 0, 0.825184, 0.705120, 0.079808
804, 262144, 4, 0, 0, 0.944448, 0.702176, 0.079904
805, 262144, 5, 0, 0, 0.846784, 0.708704, 0.079808
806, 262144, 6, 0, 0, 0.846080, 0.705440, 0.079712
807, 262144, 7, 0, 0, 0.830080, 0.707456, 0.079712
808, 262144, 8, 0, 0, 0.943392, 0.696224, 0.079968
809, 262144, 9, 0, 0, 0.948544, 0.700928, 0.079776
810, 262144, 10, 0, 0, 0.822944, 0.700448, 0.079680
811, 262144, 11, 0, 0, 0.846560, 0.706848, 0.079840
812, 262144, 12, 0, 0, 0.628608, 0.929344, 0.080128
813, 262144, 13, 0, 0, 0.622976, 0.702976, 0.079776
814, 262144, 14, 0, 0, 0.627872, 0.777760, 0.080000
815, 262144, 15, 0, 0, 0.629472, 0.700352, 0.079968
816, 262144, 16, 0, 0, 0.624576, 0.705984, 0.079680
817, 262144, 17, 0, 0, 0.626976, 0.701280, 0.079808
818, 262144, 18, 0, 0, 0.628384, 0.708064, 0.079840
819, 262144, 19, 0, 0, 0.629248, 0.701088, 0.079680
820, 262144, 20, 0, 0, 0.628448, 0.708672, 0.079904
821, 262144, 21, 0, 0, 0.621568, 0.707488, 0.079808
822, 262144, 22, 0, 0, 0.621888, 0.703264, 0.079936
823, 262144, 23, 0, 0, 0.622336, 0.705120, 0.079744
824, 262144, 24, 0, 0, 0.621728, 0.702176, 0.079680
825, 262144, 25, 0, 0, 0.621888, 0.707264, 0.079776
826, 262144, 26, 0, 0, 0.621344, 0.694272, 0.079840
827, 262144, 27, 0, 0, 0.621536, 0.698112, 0.079648
828, 262144, 28, 0, 0, 0.626624, 0.700672, 0.079872
829, 262144, 29, 0, 0, 0.628064, 0.701504, 0.079904
830, 262144, 30, 0, 0, 0.622176, 0.699040, 0.079840
831, 262144, 31, 0, 0, 0.623904, 0.700992, 0.079872
832, 262144, 32, 0, 0, 0.630048, 0.704384, 0.079872
833, 262144, 33, 0, 0, 0.627168, 0.702816, 0.079840
834, 262144, 34, 0, 0, 0.622112, 0.706720, 0.079808
835, 262144, 35, 0, 0, 0.626368, 0.700704, 0.079840
836, 262144, 36, 0, 0, 0.621888, 0.698752, 0.079744
837, 262144, 37, 0, 0, 0.626560, 0.700800, 0.079840
838, 262144, 38, 0, 0, 0.627616, 0.704256, 0.079712
839, 262144, 39, 0, 0, 0.626752, 0.699712, 0.079776
840, 262144, 40, 0, 0, 0.626624, 0.703904, 0.079840
841, 262144, 41, 0, 0, 0.629056, 0.702048, 0.080064
842, 262144, 42, 0, 0, 0.622272, 0.734208, 0.079744
843, 262144, 43, 0, 0, 0.622176, 0.707072, 0.079776
844, 262144, 44, 0, 0, 0.628480, 0.694176, 0.079808
845, 262144, 45, 0, 0, 0.627008, 0.695808, 0.079808
846, 262144, 46, 0, 0, 0.627264, 0.704224, 0.079808
847, 262144, 47, 0, 0, 0.628832, 0.709152, 0.079712
848, 262144, 48, 0, 0, 0.622912, 0.703456, 0.079840
849, 262144, 49, 0, 0, 0.621824, 0.698656, 0.079808
850, 262144, 50, 0, 0, 0.627520, 0.704832, 0.079840
851, 262144, 51, 0, 0, 0.626944, 0.704320, 0.079840
852, 262144, 52, 0, 0, 0.627744, 0.700000, 0.079680
853, 262144, 53, 0, 0, 0.626816, 0.701792, 0.079808
854, 262144, 54, 0, 0, 0.626976, 0.707072, 0.079808
855, 262144, 55, 0, 0, 0.627168, 0.698496, 0.079808
856, 262144, 56, 0, 0, 0.628000, 0.775744, 0.079904
857, 262144, 57, 0, 0, 0.620480, 0.698496, 0.079872
858, 262144, 58, 0, 0, 0.622496, 0.704288, 0.079872
859, 262144, 59, 0, 0, 0.626848, 0.700576, 0.079776
860, 262144, 60, 0, 0, 0.622720, 0.707296, 0.079616
861, 262144, 61, 0, 0, 0.621152, 0.703904, 0.079744
862, 262144, 62, 0, 0, 0.621984, 0.698016, 0.079872
863, 262144, 63, 0, 0, 0.620448, 0.701056, 0.080000
864, 262144, 64, 0, 0, 0.622688, 0.701536, 0.079776
865, 262144, 65, 0, 0, 0.624192, 0.704384, 0.079808
866, 262144, 66, 0, 0, 0.625184, 0.694912, 0.080096
867, 262144, 67, 0, 0, 0.628160, 0.705728, 0.079840
868, 262144, 68, 0, 0, 0.628160, 0.704992, 0.080032
869, 262144, 69, 0, 0, 0.622432, 0.703904, 0.079968
870, 262144, 70, 0, 0, 0.628128, 0.703936, 0.079648
871, 262144, 71, 0, 0, 0.628224, 0.699968, 0.080064
872, 262144, 72, 0, 0, 0.627200, 0.699808, 0.079552
873, 262144, 73, 0, 0, 0.622624, 0.702176, 0.079872
874, 262144, 74, 0, 0, 0.636128, 0.695968, 0.079808
875, 262144, 75, 0, 0, 0.625888, 0.704928, 0.079936
876, 262144, 76, 0, 0, 0.627392, 0.706848, 0.080064
877, 262144, 77, 0, 0, 0.628672, 0.701248, 0.079680
878, 262144, 78, 0, 0, 0.626752, 0.697728, 0.079744
879, 262144, 79, 0, 0, 0.626464, 0.695424, 0.079840
880, 262144, 80, 0, 0, 0.628128, 0.700608, 0.079744
881, 262144, 81, 0, 0, 0.622944, 0.700960, 0.080000
882, 262144, 82, 0, 0, 0.626944, 0.700384, 0.079936
883, 262144, 83, 0, 0, 0.628384, 0.701664, 0.079776
884, 262144, 84, 0, 0, 0.622240, 0.751360, 0.079616
885, 262144, 85, 0, 0, 0.622144, 0.707072, 0.080064
886, 262144, 86, 0, 0, 0.628736, 0.699360, 0.079712
887, 262144, 87, 0, 0, 0.628896, 0.707968, 0.079904
888, 262144, 88, 0, 0, 0.621344, 0.700864, 0.079840
889, 262144, 89, 0, 0, 0.620704, 0.699232, 0.079936
890, 262144, 90, 0, 0, 0.627040, 0.702944, 0.079808
891, 262144, 91, 0, 0, 0.626496, 0.702304, 0.079840
892, 262144, 92, 0, 0, 0.625120, 0.700576, 0.080000
893, 262144, 93, 0, 0, 0.628864, 0.700640, 0.079744
894, 262144, 94, 0, 0, 0.629216, 0.700960, 0.079744
895, 262144, 95, 0, 0, 0.626848, 0.699744, 0.079744
896, 262144, 96, 0, 0, 0.622304, 0.700704, 0.079648
897, 262144, 97, 0, 0, 0.621888, 0.698944, 0.079584
898, 262144, 98, 0, 0, 0.626368, 0.702784, 0.079712
899, 262144, 99, 0, 0, 0.627968, 0.692032, 0.080096
900, 524288, 0, 0, 0, 1.469696, 1.105280, 0.155168
901, 524288, 1, 0, 0, 1.460800, 1.042528, 0.155424
902, 524288, 2, 0, 0, 1.561408, 1.041568, 0.155168
903, 524288, 3, 0, 0, 1.607936, 1.035104, 0.154784
904, 524288, 4, 0, 0, 1.457728, 1.038912, 0.155616
905, 524288, 5, 0, 0, 1.460576, 1.036768, 0.155328
906, 524288, 6, 0, 0, 1.619840, 1.038144, 0.155136
907, 524288, 7, 0, 0, 1.471392, 1.039264, 0.155328
908, 524288, 8, 0, 0, 1.454048, 1.045408, 0.155168
909, 524288, 9, 0, 0, 1.622112, 1.033312, 0.155424
910, 524288, 10, 0, 0, 1.460672, 0.988064, 0.155232
911, 524288, 11, 0, 0, 1.250336, 1.281728, 0.155584
912, 524288, 12, 0, 0, 1.247808, 1.039840, 0.155456
913, 524288, 13, 0, 0, 1.250752, 1.042304, 0.155040
914, 524288, 14, 0, 0, 1.247200, 1.110784, 0.155648
915, 524288, 15, 0, 0, 1.247264, 1.035200, 0.155456
916, 524288, 16, 0, 0, 1.254208, 1.041472, 0.154944
917, 524288, 17, 0, 0, 1.245920, 1.035808, 0.155424
918, 524288, 18, 0, 0, 1.250816, 1.042592, 0.155168
919, 524288, 19, 0, 0, 1.247168, 1.040768, 0.155904
920, 524288, 20, 0, 0, 1.253728, 1.046688, 0.155232
921, 524288, 21, 0, 0, 1.247616, 1.040640, 0.155680
922, 524288, 22, 0, 0, 1.248640, 1.037952, 0.155072
923, 524288, 23, 0, 0, 1.247424, 1.042304, 0.155040
924, 524288, 24, 0, 0, 1.248256, 1.036928, 0.155168
925, 524288, 25, 0, 0, 1.251584, 1.041664, 0.155264
926, 524288, 26, 0, 0, 1.252352, 1.043072, 0.155008
927, 524288, 27, 0, 0, 1.251264, 1.051840, 0.155968
928, 524288, 28, 0, 0, 1.248064, 1.113152, 0.155520
929, 524288, 29, 0, 0, 1.250112, 1.043552, 0.155008
930, 524288, 30, 0, 0, 1.248416, 1.048896, 0.155392
931, 524288, 31, 0, 0, 1.246496, 1.041248, 0.155264
932, 524288, 32, 0, 0, 1.249536, 1.035392, 0.155424
933, 524288, 33, 0, 0, 1.253376, 1.042784, 0.155232
934, 524288, 34, 0, 0, 1.245248, 1.042208, 0.155520
935, 524288, 35, 0, 0, 1.248704, 1.037216, 0.155424
936, 524288, 36, 0, 0, 1.247040, 1.039104, 0.155200
937, 524288, 37, 0, 0, 1.247072, 1.039680, 0.155392
938, 524288, 38, 0, 0, 1.250144, 1.037696, 0.155424
939, 524288, 39, 0, 0, 1.249824, 1.041280, 0.155104
940, 524288, 40, 0, 0, 1.252512, 1.042048, 0.155136
941, 524288, 41, 0, 0, 1.253088, 1.040288, 0.155488
942, 524288, 42, 0, 0, 1.246080, 1.044896, 0.155168
943, 524288, 43, 0, 0, 1.251328, 1.101184, 0.155104
944, 524288, 44, 0, 0, 1.246848, 1.036000, 0.155424
945, 524288, 45, 0, 0, 1.246816, 1.038432, 0.155328
946, 524288, 46, 0, 0, 1.252544, 1.041792, 0.155328
947, 524288, 47, 0, 0, 1.247968, 1.042560, 0.154944
948, 524288, 48, 0, 0, 1.248864, 1.039456, 0.154848
949, 524288, 49, 0, 0, 1.253024, 1.041696, 0.155616
950, 524288, 50, 0, 0, 1.247296, 1.097312, 0.155200
951, 524288, 51, 0, 0, 1.246848, 1.047232, 0.154752
952, 524288, 52, 0, 0, 1.249376, 1.034048, 0.155264
953, 524288, 53, 0, 0, 1.247328, 1.035200, 0.155136
954, 524288, 54, 0, 0, 1.246368, 1.044064, 0.155072
955, 524288, 55, 0, 0, 1.249632, 1.038080, 0.155360
956, 524288, 56, 0, 0, 1.247968, 1.041376, 0.155488
957, 524288, 57, 0, 0, 1.249472, 1.109408, 0.155296
958, 524288, 58, 0, 0, 1.251648, 1.044640, 0.155072
959, 524288, 59, 0, 0, 1.252800, 1.041536, 0.155200
960, 524288, 60, 0, 0, 1.249472, 1.034592, 0.155232
961, 524288, 61, 0, 0, 1.246816, 1.038848, 0.155232
962, 524288, 62, 0, 0, 1.248768, 1.058912, 0.155168
963, 524288, 63, 0, 0, 1.246688, 1.033696, 0.155200
964, 524288, 64, 0, 0, 1.249792, 1.104192, 0.155552
965, 524288, 65, 0, 0, 1.247200, 1.036896, 0.155040
966, 524288, 66, 0, 0, 1.249888, 1.043936, 0.155104
967, 524288, 67, 0, 0, 1.249888, 1.042368, 0.155264
968, 524288, 68, 0, 0, 1.249568, 1.041312, 0.155456
969, 524288, 69, 0, 0, 1.254368, 1.038336, 0.155072
970, 524288, 70, 0, 0, 1.249760, 1.040320, 0.155136
971, 524288, 71, 0, 0, 1.248288, 1.113408, 0.155296
972, 524288, 72, 0, 0, 1.249536, 1.039392, 0.155104
973, 524288, 73, 0, 0, 1.246400, 1.036992, 0.154912
974, 524288, 74, 0, 0, 1.246240, 1.041760, 0.155520
975, 524288, 75, 0, 0, 1.248512, 1.038368, 0.154912
976, 524288, 76, 0, 0, 1.248960, 1.035264, 0.155776
977, 524288, 77, 0, 0, 1.247488, 1.037792, 0.155072
978, 524288, 78, 0, 0, 1.249952, 1.106688, 0.155360
979, 524288, 79, 0, 0, 1.252768, 1.039072, 0.155424
980, 524288, 80, 0, 0, 1.246752, 1.049888, 0.155520
981, 524288, 81, 0, 0, 1.248608, 1.039744, 0.154752
982, 524288, 82, 0, 0, 1.250112, 1.039072, 0.155168
983, 524288, 83, 0, 0, 1.245408, 1.039136, 0.155008
984, 524288, 84, 0, 0, 1.254592, 1.052224, 0.155232
985, 524288, 85, 0, 0, 1.249248, 1.109184, 0.155584
986, 524288, 86, 0, 0, 1.247008, 1.040832, 0.155264
987, 524288, 87, 0, 0, 1.249024, 1.035232, 0.155808
988, 524288, 88, 0, 0, 1.251808, 1.038528, 0.155552
989, 524288, 89, 0, 0, 1.245120, 1.037344, 0.155552
990, 524288, 90, 0, 0, 1.251680, 1.041152, 0.155008
991, 524288, 91, 0, 0, 1.259040, 1.041920, 0.155104
992, 524288, 92, 0, 0, 1.249824, 1.083648, 0.155872
993, 524288, 93, 0, 0, 1.246144, 1.042336, 0.155136
994, 524288, 94, 0, 0, 1.250592, 1.039456, 0.154976
995, 524288, 95, 0, 0, 1.247168, 1.040928, 0.155328
996, 524288, 96, 0, 0, 1.248864, 1.034976, 0.155136
997, 524288, 97, 0, 0, 1.246336, 1.037152, 0.155328
998, 524288, 98, 0, 0, 1.245024, 1.070496, 0.155136
999, 524288, 99, 0, 0, 1.251776, 1.047072, 0.155328
1000, 1048576, 0, 0, 0, 2.843360, 1.801088, 0.309312
1001, 1048576, 1, 0, 0, 2.726400, 1.788832, 0.309088
1002, 1048576, 2, 0, 0, 2.849984, 1.787136, 0.309600
1003, 1048576, 3, 0, 0, 2.706976, 1.865184, 0.308896
1004, 1048576, 4, 0, 0, 2.861440, 2.176736, 0.309088
1005, 1048576, 5, 0, 0, 2.706272, 1.800480, 0.309472
1006, 1048576, 6, 0, 0, 2.861984, 1.781248, 0.309440
1007, 1048576, 7, 0, 0, 2.704896, 1.857920, 0.308896
1008, 1048576, 8, 0, 0, 2.843712, 1.779488, 0.309376
1009, 1048576, 9, 0, 0, 2.712384, 1.779456, 0.309568
1010, 1048576, 10, 0, 0, 2.876160, 1.771680, 0.309664
1011, 1048576, 11, 0, 0, 2.708736, 1.744064, 0.309120
1012, 1048576, 12, 0, 0, 2.849280, 1.790496, 0.309408
1013, 1048576, 13, 0, 0, 2.710912, 1.744128, 0.309280
1014, 1048576, 14, 0, 0, 2.701920, 1.822656, 0.309408
1015, 1048576, 15, 0, 0, 2.843936, 1.866176, 0.309760
1016, 1048576, 16, 0, 0, 2.739328, 1.786592, 0.309088
1017, 1048576, 17, 0, 0, 2.871904, 1.733344, 0.308672
1018, 1048576, 18, 0, 0, 2.722080, 1.781888, 0.309664
1019, 1048576, 19, 0, 0, 2.762144, 1.795744, 0.309152
1020, 1048576, 20, 0, 0, 2.861344, 1.794688, 0.309536
1021, 1048576, 21, 0, 0, 2.706848, 1.732736, 0.309344
1022, 1048576, 22, 0, 0, 2.844960, 1.794624, 0.308928
1023, 1048576, 23, 0, 0, 2.732096, 1.883488, 0.309536
1024, 1048576, 24, 0, 0, 2.766560, 1.740288, 0.309440
1025, 1048576, 25, 0, 0, 2.737952, 1.788512, 0.309536
1026, 1048576, 26, 0, 0, 2.707648, 1.738848, 0.309376
1027, 1048576, 27, 0, 0, 2.869248, 1.861024, 0.309216
1028, 1048576, 28, 0, 0, 2.714240, 1.783680, 0.309856
1029, 1048576, 29, 0, 0, 2.857184, 1.751104, 0.308704
1030, 1048576, 30, 0, 0, 2.711360, 1.819072, 0.309664
1031, 1048576, 31, 0, 0, 2.777888, 1.796320, 0.309408
1032, 1048576, 32, 0, 0, 2.842304, 1.817696, 0.309664
1033, 1048576, 33, 0, 0, 2.702400, 1.737408, 0.308704
1034, 1048576, 34, 0, 0, 2.867744, 1.783488, 0.309472
1035, 1048576, 35, 0, 0, 2.721472, 1.866848, 0.309024
1036, 1048576, 36, 0, 0, 2.724096, 1.801824, 0.309216
1037, 1048576, 37, 0, 0, 2.787904, 1.733696, 0.308768
1038, 1048576, 38, 0, 0, 2.709792, 1.786912, 0.309344
1039, 1048576, 39, 0, 0, 2.769024, 1.736128, 0.309120
1040, 1048576, 40, 0, 0, 2.863392, 1.804096, 0.309472
1041, 1048576, 41, 0, 0, 2.716480, 1.739808, 0.309024
1042, 1048576, 42, 0, 0, 2.844800, 1.784896, 0.309568
1043, 1048576, 43, 0, 0, 2.710016, 1.871328, 0.309216
1044, 1048576, 44, 0, 0, 2.782176, 1.727424, 0.308608
1045, 1048576, 45, 0, 0, 2.710656, 1.783904, 0.309344
1046, 1048576, 46, 0, 0, 2.711552, 1.730752, 0.309536
1047, 1048576, 47, 0, 0, 3.015584, 1.813216, 0.309408
1048, 1048576, 48, 0, 0, 2.712096, 1.788896, 0.309248
1049, 1048576, 49, 0, 0, 2.713504, 1.744320, 0.308288
1050, 1048576, 50, 0, 0, 2.866176, 1.796448, 0.309344
1051, 1048576, 51, 0, 0, 2.729696, 1.863520, 0.309376
1052, 1048576, 52, 0, 0, 3.039488, 1.754208, 0.309504
1053, 1048576, 53, 0, 0, 2.760672, 1.790368, 0.309056
1054, 1048576, 54, 0, 0, 2.770592, 1.729184, 0.308832
1055, 1048576, 55, 0, 0, 2.703648, 1.850272, 0.309824
1056, 1048576, 56, 0, 0, 2.855264, 1.780960, 0.309248
1057, 1048576, 57, 0, 0, 2.721120, 1.786016, 0.308768
1058, 1048576, 58, 0, 0, 2.710432, 1.791968, 0.309280
1059, 1048576, 59, 0, 0, 2.865856, 1.869408, 0.309888
1060, 1048576, 60, 0, 0, 2.719328, 1.801664, 0.309184
1061, 1048576, 61, 0, 0, 2.869280, 1.770656, 0.309536
1062, 1048576, 62, 0, 0, 2.705152, 1.785184, 0.309472
1063, 1048576, 63, 0, 0, 2.857344, 1.735040, 0.309280
1064, 1048576, 64, 0, 0, 2.701728, 1.799008, 0.310048
1065, 1048576, 65, 0, 0, 2.774496, 1.726720, 0.309056
1066, 1048576, 66, 0, 0, 2.706432, 1.826720, 0.309600
1067, 1048576, 67, 0, 0, 2.713312, 1.777024, 0.309120
1068, 1048576, 68, 0, 0, 2.852160, 1.813536, 0.308864
1069, 1048576, 69, 0, 0, 2.735008, 1.737664, 0.309120
1070, 1048576, 70, 0, 0, 2.844800, 1.785120, 0.309664
1071, 1048576, 71, 0, 0, 2.756576, 1.859040, 0.309792
1072, 1048576, 72, 0, 0, 3.016768, 1.734976, 0.308960
1073, 1048576, 73, 0, 0, 2.704480, 1.767104, 0.309344
1074, 1048576, 74, 0, 0, 2.783712, 1.723616, 0.309024
1075, 1048576, 75, 0, 0, 2.713376, 1.772928, 0.308960
1076, 1048576, 76, 0, 0, 2.844128, 1.771296, 0.309824
1077, 1048576, 77, 0, 0, 2.708416, 1.801792, 0.309088
1078, 1048576, 78, 0, 0, 2.715520, 1.773024, 0.309280
1079, 1048576, 79, 0, 0, 2.855616, 1.890112, 0.309760
1080, 1048576, 80, 0, 0, 2.720128, 1.785952, 0.309472
1081, 1048576, 81, 0, 0, 2.779040, 1.732928, 0.309408
1082, 1048576, 82, 0, 0, 2.721792, 1.798880, 0.309856
1083, 1048576, 83, 0, 0, 2.707712, 1.812288, 0.309824
1084, 1048576, 84, 0, 0, 2.848576, 1.808032, 0.309568
1085, 1048576, 85, 0, 0, 2.730336, 1.803808, 0.309248
1086, 1048576, 86, 0, 0, 2.842144, 1.810912, 0.309248
1087, 1048576, 87, 0, 0, 2.719744, 1.876480, 0.309280
1088, 1048576, 88, 0, 0, 2.783040, 1.735808, 0.308960
1089, 1048576, 89, 0, 0, 2.726976, 1.788576, 0.309440
1090, 1048576, 90, 0, 0, 2.780544, 1.740416, 0.309408
1091, 1048576, 91, 0, 0, 2.707616, 1.829312, 0.309760
1092, 1048576, 92, 0, 0, 2.783680, 1.751200, 0.308672
1093, 1048576, 93, 0, 0, 2.866752, 1.782720, 0.309664
1094, 1048576, 94, 0, 0, 2.708480, 1.764384, 0.308992
1095, 1048576, 95, 0, 0, 2.867040, 1.839392, 0.309248
1096, 1048576, 96, 0, 0, 2.710624, 1.793888, 0.309280
1097, 1048576, 97, 0, 0, 3.023840, 1.732192, 0.308992
1098, 1048576, 98, 0, 0, 2.707360, 1.777248, 0.309184
1099, 1048576, 99, 0, 0, 2.764416, 1.804864, 0.308832
1100, 2097152, 0, 0, 0, 5.262432, 3.328896, 0.622432
1101, 2097152, 1, 0, 0, 5.282944, 3.608512, 0.622464
1102, 2097152, 2, 0, 0, 5.265216, 3.268768, 0.622656
1103, 2097152, 3, 0, 0, 5.332256, 3.729088, 0.621824
1104, 2097152, 4, 0, 0, 5.299360, 3.631232, 0.622720
1105, 2097152, 5, 0, 0, 5.260416, 3.517856, 0.621568
1106, 2097152, 6, 0, 0, 5.205312, 3.526880, 0.622144
1107, 2097152, 7, 0, 0, 5.211584, 3.294656, 0.622080
1108, 2097152, 8, 0, 0, 5.224096, 3.716928, 0.622400
1109, 2097152, 9, 0, 0, 5.253248, 3.260256, 0.621760
1110, 2097152, 10, 0, 0, 5.270432, 3.264512, 0.622592
1111, 2097152, 11, 0, 0, 5.268160, 3.561056, 0.621920
1112, 2097152, 12, 0, 0, 5.372864, 3.540608, 0.622592
1113, 2097152, 13, 0, 0, 5.373408, 3.362304, 0.621536
1114, 2097152, 14, 0, 0, 5.213632, 3.171904, 0.622080
1115, 2097152, 15, 0, 0, 5.229696, 3.343744, 0.621728
1116, 2097152, 16, 0, 0, 5.223040, 3.210624, 0.622400
1117, 2097152, 17, 0, 0, 5.259168, 3.272064, 0.621696
1118, 2097152, 18, 0, 0, 5.276960, 3.276960, 0.621696
1119, 2097152, 19, 0, 0, 5.204768, 4.066144, 0.622112
1120, 2097152, 20, 0, 0, 5.262784, 3.729248, 0.621728
1121, 2097152, 21, 0, 0, 5.246528, 3.450496, 0.621280
1122, 2097152, 22, 0, 0, 5.205856, 3.461664, 0.621920
1123, 2097152, 23, 0, 0, 5.275552, 3.478144, 0.621952
1124, 2097152, 24, 0, 0, 5.486336, 3.533024, 0.622240
1125, 2097152, 25, 0, 0, 5.201600, 3.166336, 0.622176
1126, 2097152, 26, 0, 0, 5.273696, 3.797504, 0.622496
1127, 2097152, 27, 0, 0, 5.266688, 3.187392, 0.622112
1128, 2097152, 28, 0, 0, 5.256576, 3.274016, 0.621664
1129, 2097152, 29, 0, 0, 5.592480, 3.600640, 0.622432
1130, 2097152, 30, 0, 0, 5.355744, 3.289600, 0.622304
1131, 2097152, 31, 0, 0, 5.381504, 3.707744, 0.621792
1132, 2097152, 32, 0, 0, 5.203488, 3.170816, 0.621952
1133, 2097152, 33, 0, 0, 5.230336, 3.265984, 0.622432
1134, 2097152, 34, 0, 0, 5.202240, 3.195392, 0.622272
1135, 2097152, 35, 0, 0, 5.266848, 3.258208, 0.622336
1136, 2097152, 36, 0, 0, 5.280800, 3.262400, 0.622400
1137, 2097152, 37, 0, 0, 5.357792, 3.562368, 0.623072
1138, 2097152, 38, 0, 0, 5.358496, 3.514432, 0.621952
1139, 2097152, 39, 0, 0, 5.611008, 3.371008, 0.621856
1140, 2097152, 40, 0, 0, 5.358816, 3.268160, 0.622016
1141, 2097152, 41, 0, 0, 5.198912, 3.364064, 0.622496
1142, 2097152, 42, 0, 0, 5.198784, 3.170624, 0.621888
1143, 2097152, 43, 0, 0, 5.223520, 3.826208, 0.622528
1144, 2097152, 44, 0, 0, 5.276128, 3.203296, 0.622080
1145, 2097152, 45, 0, 0, 5.272992, 3.555424, 0.622560
1146, 2097152, 46, 0, 0, 5.369376, 3.273088, 0.622208
1147, 2097152, 47, 0, 0, 5.202912, 3.590912, 0.621408
1148, 2097152, 48, 0, 0, 5.231104, 3.184928, 0.621504
1149, 2097152, 49, 0, 0, 5.259776, 3.726912, 0.622496
1150, 2097152, 50, 0, 0, 5.253824, 3.640000, 0.622528
1151, 2097152, 51, 0, 0, 5.344000, 3.465920, 0.622496
1152, 2097152, 52, 0, 0, 5.370144, 3.520544, 0.621504
1153, 2097152, 53, 0, 0, 5.214880, 3.173888, 0.622112
1154, 2097152, 54, 0, 0, 5.268224, 3.779968, 0.622528
1155, 2097152, 55, 0, 0, 5.270560, 3.557056, 0.622112
1156, 2097152, 56, 0, 0, 5.345184, 3.662080, 0.622432
1157, 2097152, 57, 0, 0, 5.337088, 3.453664, 0.622336
1158, 2097152, 58, 0, 0, 5.209056, 3.529152, 0.621280
1159, 2097152, 59, 0, 0, 5.267744, 3.979520, 0.622144
1160, 2097152, 60, 0, 0, 5.256640, 3.403424, 0.623008
1161, 2097152, 61, 0, 0, 5.366432, 3.433600, 0.622464
1162, 2097152, 62, 0, 0, 5.409600, 3.370592, 0.622368
1163, 2097152, 63, 0, 0, 5.198720, 3.621568, 0.621664
1164, 2097152, 64, 0, 0, 5.217824, 3.274336, 0.622624
1165, 2097152, 65, 0, 0, 5.208032, 3.729088, 0.622016
1166, 2097152, 66, 0, 0, 5.205120, 3.791840, 0.622528
1167, 2097152, 67, 0, 0, 5.270208, 3.475808, 0.622240
1168, 2097152, 68, 0, 0, 5.278432, 3.393856, 0.622304
1169, 2097152, 69, 0, 0, 5.495808, 3.460288, 0.621376
1170, 2097152, 70, 0, 0, 5.259488, 3.532576, 0.622784
1171, 2097152, 71, 0, 0, 5.614592, 3.332576, 0.622240
1172, 2097152, 72, 0, 0, 5.347648, 3.283104, 0.622464
1173, 2097152, 73, 0, 0, 5.218656, 3.329632, 0.623040
1174, 2097152, 74, 0, 0, 5.211040, 3.170528, 0.621984
1175, 2097152, 75, 0, 0, 5.367200, 3.699712, 0.627456
1176, 2097152, 76, 0, 0, 5.196832, 3.282304, 0.622464
1177, 2097152, 77, 0, 0, 5.229664, 3.277760, 0.622240
1178, 2097152, 78, 0, 0, 5.203744, 3.154976, 0.621280
1179, 2097152, 79, 0, 0, 5.253472, 3.534976, 0.621760
1180, 2097152, 80, 0, 0, 5.342912, 3.246016, 0.622432
1181, 2097152, 81, 0, 0, 5.224896, 3.594592, 0.622656
1182, 2097152, 82, 0, 0, 5.346880, 3.630336, 0.622432
1183, 2097152, 83, 0, 0, 5.280672, 3.506528, 0.622368
1184, 2097152, 84, 0, 0, 5.262208, 3.525984, 0.622368
1185, 2097152, 85, 0, 0, 5.284576, 3.334528, 0.621696
1186, 2097152, 86, 0, 0, 5.249792, 3.266656, 0.622368
1187, 2097152, 87, 0, 0, 5.550944, 3.333216, 0.622208
1188, 2097152, 88, 0, 0, 5.486240, 3.270240, 0.622272
1189, 2097152, 89, 0, 0, 5.256128, 4.054240, 0.621568
1190, 2097152, 90, 0, 0, 5.257888, 3.266656, 0.622400
1191, 2097152, 91, 0, 0, 5.254464, 3.536256, 0.621504
1192, 2097152, 92, 0, 0, 5.426432, 3.289216, 0.622208
1193, 2097152, 93, 0, 0, 5.356416, 3.601632, 0.622432
1194, 2097152, 94, 0, 0, 5.196160, 3.247328, 0.622368
1195, 2097152, 95, 0, 0, 5.201312, 4.073536, 0.622592
1196, 2097152, 96, 0, 0, 5.207360, 3.185536, 0.621952
1197, 2097152, 97, 0, 0, 5.289152, 3.569152, 0.622144
1198, 2097152, 98, 0, 0, 5.257408, 3.520352, 0.621536
1199, 2097152, 99, 0, 0, 5.287168, 3.331520, 0.622496
1200, 4194304, 0, 0, 0, 10.343200, 6.495616, 1.268064
1201, 4194304, 1, 0, 0, 10.374976, 6.317344, 1.268512
1202, 4194304, 2, 0, 0, 10.368576, 6.754400, 1.268512
1203, 4194304, 3, 0, 0, 10.084288, 6.637440, 1.268736
1204, 4194304, 4, 0, 0, 10.466400, 6.641536, 1.268672
1205, 4194304, 5, 0, 0, 10.360384, 6.393088, 1.268288
1206, 4194304, 6, 0, 0, 10.345920, 6.387744, 1.268704
1207, 4194304, 7, 0, 0, 10.352576, 6.389440, 1.268416
1208, 4194304, 8, 0, 0, 10.374848, 6.206304, 1.268096
1209, 4194304, 9, 0, 0, 10.355744, 6.768128, 1.267040
1210, 4194304, 10, 0, 0, 10.586496, 6.193024, 1.268128
1211, 4194304, 11, 0, 0, 10.350944, 6.567392, 1.268128
1212, 4194304, 12, 0, 0, 10.419520, 6.647776, 1.268544
1213, 4194304, 13, 0, 0, 10.351680, 6.323136, 1.268352
1214, 4194304, 14, 0, 0, 10.352064, 6.389632, 1.268352
1215, 4194304, 15, 0, 0, 10.356096, 6.385120, 1.268064
1216, 4194304, 16, 0, 0, 10.355808, 6.393664, 1.268416
1217, 4194304, 17, 0, 0, 10.423392, 6.404544, 1.268160
1218, 4194304, 18, 0, 0, 10.367296, 6.382432, 1.268288
1219, 4194304, 19, 0, 0, 10.349344, 6.285024, 1.267968
1220, 4194304, 20, 0, 0, 10.354560, 6.714400, 1.268064
1221, 4194304, 21, 0, 0, 10.382048, 6.209888, 1.268192
1222, 4194304, 22, 0, 0, 10.355936, 6.562592, 1.267968
1223, 4194304, 23, 0, 0, 10.414784, 6.625664, 1.268416
1224, 4194304, 24, 0, 0, 10.353056, 6.392160, 1.268416
1225, 4194304, 25, 0, 0, 10.345024, 6.387264, 1.268384
1226, 4194304, 26, 0, 0, 10.429344, 6.295776, 1.268352
1227, 4194304, 27, 0, 0, 10.348736, 6.370272, 1.268352
1228, 4194304, 28, 0, 0, 10.358944, 6.298592, 1.267328
1229, 4194304, 29, 0, 0, 10.487968, 6.972512, 1.267424
1230, 4194304, 30, 0, 0, 10.351072, 6.560640, 1.268448
1231, 4194304, 31, 0, 0, 10.473472, 6.649056, 1.267840
1232, 4194304, 32, 0, 0, 10.344928, 6.390624, 1.268768
1233, 4194304, 33, 0, 0, 10.351968, 6.378272, 1.267328
1234, 4194304, 34, 0, 0, 10.290080, 6.406144, 1.268480
1235, 4194304, 35, 0, 0, 10.635328, 6.187168, 1.267328
1236, 4194304, 36, 0, 0, 10.341024, 6.757440, 1.268128
1237, 4194304, 37, 0, 0, 10.598656, 6.585984, 1.268320
1238, 4194304, 38, 0, 0, 10.348096, 6.648896, 1.268256
1239, 4194304, 39, 0, 0, 10.359168, 6.419776, 1.268128
1240, 4194304, 40, 0, 0, 10.310400, 6.406624, 1.268224
1241, 4194304, 41, 0, 0, 10.589088, 6.325632, 1.268672
1242, 4194304, 42, 0, 0, 10.370528, 6.397824, 1.268832
1243, 4194304, 43, 0, 0, 10.441888, 6.302912, 1.268416
1244, 4194304, 44, 0, 0, 10.444352, 7.056288, 1.268288
1245, 4194304, 45, 0, 0, 10.365920, 6.558112, 1.268352
1246, 4194304, 46, 0, 0, 10.434656, 6.658016, 1.268608
1247, 4194304, 47, 0, 0, 10.623360, 6.308256, 1.268000
1248, 4194304, 48, 0, 0, 10.356928, 6.726464, 1.268608
1249, 4194304, 49, 0, 0, 10.452672, 6.301632, 1.267968
1250, 4194304, 50, 0, 0, 10.434240, 6.365312, 1.267456
1251, 4194304, 51, 0, 0, 10.356384, 6.637472, 1.268352
1252, 4194304, 52, 0, 0, 10.350624, 6.412800, 1.268032
1253, 4194304, 53, 0, 0, 10.448704, 6.303520, 1.268384
1254, 4194304, 54, 0, 0, 10.362720, 6.751456, 1.268736
1255, 4194304, 55, 0, 0, 10.281952, 6.578240, 1.268640
1256, 4194304, 56, 0, 0, 10.370976, 6.620768, 1.268672
1257, 4194304, 57, 0, 0, 10.342912, 6.386720, 1.268480
1258, 4194304, 58, 0, 0, 10.368032, 6.384320, 1.268544
1259, 4194304, 59, 0, 0, 10.450144, 6.304256, 1.268480
1260, 4194304, 60, 0, 0, 10.363904, 6.383040, 1.268000
1261, 4194304, 61, 0, 0, 10.347040, 6.410144, 1.268640
1262, 4194304, 62, 0, 0, 10.408032, 6.401632, 1.268800
1263, 4194304, 63, 0, 0, 10.445760, 6.295808, 1.268480
1264, 4194304, 64, 0, 0, 10.321856, 6.322144, 1.267968
1265, 4194304, 65, 0, 0, 10.358432, 6.624288, 1.268640
1266, 4194304, 66, 0, 0, 10.475008, 6.298496, 1.266848
1267, 4194304, 67, 0, 0, 10.349152, 6.754976, 1.267392
1268, 4194304, 68, 0, 0, 10.294144, 6.558720, 1.268512
1269, 4194304, 69, 0, 0, 10.616448, 6.656352, 1.268384
1270, 4194304, 70, 0, 0, 10.299296, 6.395968, 1.268416
1271, 4194304, 71, 0, 0, 10.451552, 6.317408, 1.268576
1272, 4194304, 72, 0, 0, 10.376992, 6.386880, 1.267488
1273, 4194304, 73, 0, 0, 10.346400, 6.383264, 1.268544
1274, 4194304, 74, 0, 0, 10.384032, 6.407840, 1.268256
1275, 4194304, 75, 0, 0, 10.359584, 6.398368, 1.266624
1276, 4194304, 76, 0, 0, 10.448064, 6.328224, 1.268480
1277, 4194304, 77, 0, 0, 10.361568, 6.385120, 1.268192
1278, 4194304, 78, 0, 0, 10.424768, 6.411136, 1.268608
1279, 4194304, 79, 0, 0, 10.374688, 6.384544, 1.268320
1280, 4194304, 80, 0, 0, 10.306912, 6.377536, 1.268576
1281, 4194304, 81, 0, 0, 10.432192, 6.320768, 1.267232
1282, 4194304, 82, 0, 0, 10.352480, 6.395456, 1.268416
1283, 4194304, 83, 0, 0, 10.426432, 6.395776, 1.267424
1284, 4194304, 84, 0, 0, 10.331936, 6.407296, 1.268064
1285, 4194304, 85, 0, 0, 10.296416, 6.394272, 1.266688
1286, 4194304, 86, 0, 0, 10.443584, 6.305088, 1.268480
1287, 4194304, 87, 0, 0, 10.371424, 6.726336, 1.268032
1288, 4194304, 88, 0, 0, 10.355680, 6.555776, 1.268704
1289, 4194304, 89, 0, 0, 10.473056, 7.013440, 1.267584
1290, 4194304, 90, 0, 0, 10.441184, 7.065984, 1.268192
1291, 4194304, 91, 0, 0, 10.439616, 6.305472, 1.268320
1292, 4194304, 92, 0, 0, 10.318336, 6.652704, 1.268480
1293, 4194304, 93, 0, 0, 10.316256, 6.389888, 1.268448
1294, 4194304, 94, 0, 0, 10.636352, 6.284736, 1.267872
1295, 4194304, 95, 0, 0, 10.364384, 6.738144, 1.268608
1296, 4194304, 96, 0, 0, 10.374304, 6.540448, 1.268192
1297, 4194304, 97, 0, 0, 10.452064, 6.649376, 1.267936
1298, 4194304, 98, 0, 0, 10.066752, 6.654752, 1.268160
1299, 4194304, 99, 0, 0, 10.346240, 6.636384, 1.268320
1300, 8388608, 0, 0, 0, 20.892000, 12.496384, 2.614272
1301, 8388608, 1, 0, 0, 20.811424, 12.498176, 2.622752
1302, 8388608, 2, 0, 0, 20.809408, 12.474080, 2.619104
1303, 8388608, 3, 0, 0, 20.795328, 13.888320, 2.600064
1304, 8388608, 4, 0, 0, 20.838911, 14.138112, 2.599328
1305, 8388608, 5, 0, 0, 20.789024, 13.697824, 2.598560
1306, 8388608, 6, 0, 0, 20.795551, 14.173312, 2.600000
1307, 8388608, 7, 0, 0, 20.891457, 13.306560, 2.599488
1308, 8388608, 8, 0, 0, 20.803295, 13.499264, 2.599840
1309, 8388608, 9, 0, 0, 20.802561, 14.232320, 2.600512
1310, 8388608, 10, 0, 0, 20.799841, 13.481216, 2.599584
1311, 8388608, 11, 0, 0, 20.785984, 13.022688, 2.601312
1312, 8388608, 12, 0, 0, 21.076000, 13.375296, 2.599712
1313, 8388608, 13, 0, 0, 20.967840, 13.477376, 2.600384
1314, 8388608, 14, 0, 0, 20.527584, 12.577600, 2.625472
1315, 8388608, 15, 0, 0, 21.050079, 13.134368, 2.598080
1316, 8388608, 16, 0, 0, 20.788736, 13.754432, 2.599808
1317, 8388608, 17, 0, 0, 20.782145, 13.783904, 2.597888
1318, 8388608, 18, 0, 0, 20.792831, 14.469152, 2.601632
1319, 8388608, 19, 0, 0, 20.781919, 14.186240, 2.603328
1320, 8388608, 20, 0, 0, 20.874687, 13.415680, 2.601792
1321, 8388608, 21, 0, 0, 20.795040, 12.850912, 2.601568
1322, 8388608, 22, 0, 0, 20.894560, 13.468992, 2.600160
1323, 8388608, 23, 0, 0, 20.799681, 13.796000, 2.600832
1324, 8388608, 24, 0, 0, 20.803072, 13.278720, 2.599040
1325, 8388608, 25, 0, 0, 20.807264, 13.204032, 2.603616
1326, 8388608, 26, 0, 0, 20.807552, 13.842976, 2.599424
1327, 8388608, 27, 0, 0, 20.785919, 13.885568, 2.599488
1328, 8388608, 28, 0, 0, 20.800064, 14.443392, 2.598688
1329, 8388608, 29, 0, 0, 20.794081, 14.232192, 2.600960
1330, 8388608, 30, 0, 0, 20.795456, 13.583104, 2.599104
1331, 8388608, 31, 0, 0, 20.820864, 13.833440, 2.599104
1332, 8388608, 32, 0, 0, 20.821024, 13.564864, 2.597696
1333, 8388608, 33, 0, 0, 20.797089, 13.727520, 2.599424
1334, 8388608, 34, 0, 0, 20.818975, 14.069664, 2.600576
1335, 8388608, 35, 0, 0, 20.824127, 14.528544, 2.599040
1336, 8388608, 36, 0, 0, 21.492256, 13.428672, 2.598816
1337, 8388608, 37, 0, 0, 20.801121, 13.230880, 2.598880
1338, 8388608, 38, 0, 0, 20.802977, 14.185696, 2.599424
1339, 8388608, 39, 0, 0, 20.816511, 14.049088, 2.599648
1340, 8388608, 40, 0, 0, 20.816481, 13.897376, 2.603200
1341, 8388608, 41, 0, 0, 20.563711, 14.367968, 2.603584
1342, 8388608, 42, 0, 0, 20.878401, 13.449312, 2.599552
1343, 8388608, 43, 0, 0, 20.811296, 13.585856, 2.600288
1344, 8388608, 44, 0, 0, 20.786272, 13.870880, 2.599200
1345, 8388608, 45, 0, 0, 20.793024, 13.771200, 2.599744
1346, 8388608, 46, 0, 0, 20.794399, 14.116000, 2.599808
1347, 8388608, 47, 0, 0, 20.816416, 13.554080, 2.599936
1348, 8388608, 48, 0, 0, 20.799904, 13.654848, 2.599872
1349, 8388608, 49, 0, 0, 20.800224, 14.348096, 2.600928
1350, 8388608, 50, 0, 0, 21.112415, 13.166944, 2.598656
1351, 8388608, 51, 0, 0, 20.830528, 14.000192, 2.599808
1352, 8388608, 52, 0, 0, 20.798529, 13.242816, 2.597888
1353, 8388608, 53, 0, 0, 20.788704, 13.698528, 2.599328
1354, 8388608, 54, 0, 0, 21.051744, 13.070880, 2.599200
1355, 8388608, 55, 0, 0, 20.870625, 13.847712, 2.598848
1356, 8388608, 56, 0, 0, 20.898048, 13.815648, 2.597824
1357, 8388608, 57, 0, 0, 20.895136, 13.289920, 2.600096
1358, 8388608, 58, 0, 0, 20.556513, 13.315936, 2.598528
1359, 8388608, 59, 0, 0, 20.873632, 13.287360, 2.602240
1360, 8388608, 60, 0, 0, 20.894400, 13.166048, 2.601152
1361, 8388608, 61, 0, 0, 20.972897, 13.368800, 2.599264
1362, 8388608, 62, 0, 0, 20.807903, 13.952608, 2.607968
1363, 8388608, 63, 0, 0, 20.551840, 12.834080, 2.624832
1364, 8388608, 64, 0, 0, 20.905664, 13.160608, 2.598496
1365, 8388608, 65, 0, 0, 20.895552, 13.603808, 2.598624
1366, 8388608, 66, 0, 0, 20.793600, 14.027456, 2.601888
1367, 8388608, 67, 0, 0, 20.819136, 13.589728, 2.598688
1368, 8388608, 68, 0, 0, 20.801376, 13.384000, 2.600832
1369, 8388608, 69, 0, 0, 20.814337, 13.979840, 2.599648
1370, 8388608, 70, 0, 0, 20.818592, 13.742016, 2.601664
1371, 8388608, 71, 0, 0, 20.800352, 13.673344, 2.606848
1372, 8388608, 72, 0, 0, 20.824064, 14.517664, 2.601024
1373, 8388608, 73, 0, 0, 20.807455, 13.190752, 2.598752
1374, 8388608, 74, 0, 0, 20.878784, 13.394944, 2.601536
1375, 8388608, 75, 0, 0, 20.528065, 12.542624, 2.623232
1376, 8388608, 76, 0, 0, 21.109823, 13.591008, 2.600160
1377, 8388608, 77, 0, 0, 20.811745, 13.711872, 2.598848
1378, 8388608, 78, 0, 0, 21.070208, 13.580416, 2.598176
1379, 8388608, 79, 0, 0, 20.811071, 13.672512, 2.600608
1380, 8388608, 80, 0, 0, 20.795937, 13.515232, 2.598400
1381, 8388608, 81, 0, 0, 20.811199, 14.213920, 2.598752
1382, 8388608, 82, 0, 0, 21.061665, 13.105280, 2.599328
1383, 8388608, 83, 0, 0, 20.902369, 13.258240, 2.599680
1384, 8388608, 84, 0, 0, 20.800480, 13.463040, 2.600096
1385, 8388608, 85, 0, 0, 20.789824, 12.899200, 2.598784
1386, 8388608, 86, 0, 0, 20.555712, 13.153152, 2.602336
1387, 8388608, 87, 0, 0, 20.809729, 13.402944, 2.597024
1388, 8388608, 88, 0, 0, 20.812351, 13.892704, 2.598112
1389, 8388608, 89, 0, 0, 20.874880, 13.435264, 2.599904
1390, 8388608, 90, 0, 0, 20.824127, 13.869792, 2.599232
1391, 8388608, 91, 0, 0, 20.528193, 12.470304, 2.619904
1392, 8388608, 92, 0, 0, 21.000223, 13.216992, 2.601472
1393, 8388608, 93, 0, 0, 20.816704, 13.521312, 2.600320
1394, 8388608, 94, 0, 0, 20.570881, 13.103744, 2.602176
1395, 8388608, 95, 0, 0, 20.818880, 13.891648, 2.598624
1396, 8388608, 96, 0, 0, 20.930977, 13.516864, 2.600992
1397, 8388608, 97, 0, 0, 20.797344, 13.676480, 2.599488
1398, 8388608, 98, 0, 0, 20.811775, 13.414464, 2.600416
1399, 8388608, 99, 0, 0, 20.809952, 13.141376, 2.600896
1400, 16777216, 0, 0, 0, 41.341503, 25.935072, 5.329984
1401, 16777216, 1, 0, 0, 41.406273, 26.058081, 5.329856
1402, 16777216, 2, 0, 0, 41.340130, 26.216064, 5.333248
1403, 16777216, 3, 0, 0, 41.479038, 25.382368, 5.339264
1404, 16777216, 4, 0, 0, 41.366047, 25.948416, 5.337024
1405, 16777216, 5, 0, 0, 41.328831, 26.236929, 5.331680
1406, 16777216, 6, 0, 0, 41.416386, 25.294209, 5.343264
1407, 16777216, 7, 0, 0, 41.390720, 25.459583, 5.334656
1408, 16777216, 8, 0, 0, 41.370560, 25.591488, 5.332800
1409, 16777216, 9, 0, 0, 41.373055, 25.136032, 5.331424
1410, 16777216, 10, 0, 0, 41.356800, 26.046560, 5.338784
1411, 16777216, 11, 0, 0, 41.353600, 25.428928, 5.331776
1412, 16777216, 12, 0, 0, 41.382721, 25.977983, 5.333248
1413, 16777216, 13, 0, 0, 41.105152, 25.969824, 5.338528
1414, 16777216, 14, 0, 0, 41.422623, 26.218880, 5.329088
1415, 16777216, 15, 0, 0, 41.369728, 25.651327, 5.334624
1416, 16777216, 16, 0, 0, 41.099457, 24.560064, 5.364416
1417, 16777216, 17, 0, 0, 41.461727, 25.443008, 5.332672
1418, 16777216, 18, 0, 0, 41.424385, 25.263840, 5.340032
1419, 16777216, 19, 0, 0, 41.385056, 25.849472, 5.328512
1420, 16777216, 20, 0, 0, 41.367870, 25.837215, 5.331744
1421, 16777216, 21, 0, 0, 41.638561, 25.215296, 5.336576
1422, 16777216, 22, 0, 0, 41.492512, 25.612801, 5.344960
1423, 16777216, 23, 0, 0, 41.370014, 25.921247, 5.333344
1424, 16777216, 24, 0, 0, 41.456352, 26.125376, 5.334432
1425, 16777216, 25, 0, 0, 41.344418, 25.812897, 5.334752
1426, 16777216, 26, 0, 0, 41.347519, 25.333887, 5.337632
1427, 16777216, 27, 0, 0, 41.397057, 25.609377, 5.329056
1428, 16777216, 28, 0, 0, 41.357185, 26.464384, 5.339936
1429, 16777216, 29, 0, 0, 41.332096, 25.560255, 5.334432
1430, 16777216, 30, 0, 0, 41.364704, 25.924160, 5.344832
1431, 16777216, 31, 0, 0, 41.474014, 25.894144, 5.341728
1432, 16777216, 32, 0, 0, 41.435265, 26.309313, 5.334752
1433, 16777216, 33, 0, 0, 41.437313, 25.609856, 5.340544
1434, 16777216, 34, 0, 0, 41.374176, 26.150688, 5.336800
1435, 16777216, 35, 0, 0, 41.336384, 25.327423, 5.341472
1436, 16777216, 36, 0, 0, 41.343903, 25.513184, 5.327776
1437, 16777216, 37, 0, 0, 41.361504, 25.504353, 5.331328
1438, 16777216, 38, 0, 0, 41.426750, 25.128448, 5.334048
1439, 16777216, 39, 0, 0, 41.450111, 25.613056, 5.335616
1440, 16777216, 40, 0, 0, 41.334656, 26.376287, 5.328640
1441, 16777216, 41, 0, 0, 41.372993, 26.371840, 5.330208
1442, 16777216, 42, 0, 0, 41.455425, 25.910688, 5.337632
1443, 16777216, 43, 0, 0, 41.352257, 25.493025, 5.344192
1444, 16777216, 44, 0, 0, 41.359169, 26.171265, 5.339040
1445, 16777216, 45, 0, 0, 41.350815, 26.019745, 5.334464
1446, 16777216, 46, 0, 0, 41.444801, 25.733025, 5.337248
1447, 16777216, 47, 0, 0, 41.334496, 25.893536, 5.330432
1448, 16777216, 48, 0, 0, 41.336193, 26.052000, 5.330144
1449, 16777216, 49, 0, 0, 41.357601, 26.202623, 5.340896
1450, 16777216, 50, 0, 0, 41.434273, 25.275328, 5.337152
1451, 16777216, 51, 0, 0, 41.455776, 24.981024, 5.335904
1452, 16777216, 52, 0, 0, 41.333920, 25.721567, 5.331296
1453, 16777216, 53, 0, 0, 41.535873, 25.595680, 5.331968
1454, 16777216, 54, 0, 0, 41.349632, 26.018112, 5.330624
1455, 16777216, 55, 0, 0, 41.360161, 25.622368, 5.333984
1456, 16777216, 56, 0, 0, 41.333218, 26.105312, 5.333728
1457, 16777216, 57, 0, 0, 41.345825, 25.806240, 5.338304
1458, 16777216, 58, 0, 0, 41.361343, 25.544767, 5.338976
1459, 16777216, 59, 0, 0, 41.448479, 26.100767, 5.337600
1460, 16777216, 60, 0, 0, 41.371742, 25.724640, 5.333824
1461, 16777216, 61, 0, 0, 41.356384, 25.766720, 5.341184
1462, 16777216, 62, 0, 0, 41.353569, 26.355871, 5.329760
1463, 16777216, 63, 0, 0, 41.351231, 25.681889, 5.332128
1464, 16777216, 64, 0, 0, 41.506207, 25.946783, 5.338592
1465, 16777216, 65, 0, 0, 41.375458, 26.114208, 5.330368
1466, 16777216, 66, 0, 0, 41.338142, 25.206848, 5.331648
1467, 16777216, 67, 0, 0, 41.349983, 25.569376, 5.332896
1468, 16777216, 68, 0, 0, 41.385952, 25.436607, 5.337184
1469, 16777216, 69, 0, 0, 41.380833, 26.663744, 5.329920
1470, 16777216, 70, 0, 0, 41.351486, 25.473408, 5.332384
1471, 16777216, 71, 0, 0, 41.436382, 25.895712, 5.341280
1472, 16777216, 72, 0, 0, 41.360031, 26.175840, 5.342944
1473, 16777216, 73, 0, 0, 41.365566, 26.080256, 5.338144
1474, 16777216, 74, 0, 0, 41.354431, 25.377855, 5.327776
1475, 16777216, 75, 0, 0, 41.376896, 26.786177, 5.336128
1476, 16777216, 76, 0, 0, 41.341793, 25.656351, 5.339680
1477, 16777216, 77, 0, 0, 41.340446, 26.237280, 5.330976
1478, 16777216, 78, 0, 0, 41.354591, 25.871967, 5.339744
1479, 16777216, 79, 0, 0, 41.346783, 25.801632, 5.329728
1480, 16777216, 80, 0, 0, 41.335648, 25.561089, 5.336000
1481, 16777216, 81, 0, 0, 41.361855, 25.388767, 5.335456
1482, 16777216, 82, 0, 0, 41.331455, 26.348415, 5.328864
1483, 16777216, 83, 0, 0, 41.356735, 25.539295, 5.335872
1484, 16777216, 84, 0, 0, 41.411392, 25.436384, 5.341728
1485, 16777216, 85, 0, 0, 41.646336, 25.442465, 5.340512
1486, 16777216, 86, 0, 0, 41.429951, 25.400192, 5.338624
1487, 16777216, 87, 0, 0, 41.383423, 26.370752, 5.330560
1488, 16777216, 88, 0, 0, 41.340576, 25.988192, 5.343808
1489, 16777216, 89, 0, 0, 41.108704, 25.635777, 5.334304
1490, 16777216, 90, 0, 0, 41.350113, 25.931200, 5.337056
1491, 16777216, 91, 0, 0, 41.432449, 26.389919, 5.337536
1492, 16777216, 92, 0, 0, 41.148769, 24.578655, 5.361152
1493, 16777216, 93, 0, 0, 41.379169, 25.941153, 5.328864
1494, 16777216, 94, 0, 0, 41.547234, 25.248257, 5.332800
1495, 16777216, 95, 0, 0, 41.395138, 25.028065, 5.332352
1496, 16777216, 96, 0, 0, 41.578655, 25.439552, 5.335968
1497, 16777216, 97, 0, 0, 41.347393, 25.839935, 5.334016
1498, 16777216, 98, 0, 0, 41.409569, 25.347551, 5.335136
1499, 16777216, 99, 0, 0, 41.324863, 25.744160, 5.337024
