
***********************************
Running p2 for file ../testCases/inp1.txt
***********************************


bin SEQ_H    CUDA_G_H CUDA_S_H  |  SEQ_CM  CUDA_G_CM  CUDA_S_CM
---------------------------------------------------------
0        3        3        3   |         3        3        3
1        4        4        4   |         7        7        7
2        4        4        4   |        11       11       11
3        2        2        2   |        13       13       13
4        4        4        4   |        17       17       17
5        1        1        1   |        18       18       18
6        2        2        2   |        20       20       20
7        1        1        1   |        21       21       21
8        3        3        3   |        24       24       24
9        3        3        3   |        27       27       27
n = 27
errCnt = 0
Done with file ../testCases/inp1.txt


***********************************
Running p2 for file ../testCases/inp2.txt
***********************************


bin SEQ_H    CUDA_G_H CUDA_S_H  |  SEQ_CM  CUDA_G_CM  CUDA_S_CM
---------------------------------------------------------
0       62       62       62   |        62       62       62
1       78       78       78   |       140      140      140
2       78       78       78   |       218      218      218
3       68       68       68   |       286      286      286
4       73       73       73   |       359      359      359
5       81       81       81   |       440      440      440
6       69       69       69   |       509      509      509
7       79       79       79   |       588      588      588
8       56       56       56   |       644      644      644
9       79       79       79   |       723      723      723
n = 723
errCnt = 0
Done with file ../testCases/inp2.txt


***********************************
Running p2 for file ../testCases/inp3.txt
***********************************


bin SEQ_H    CUDA_G_H CUDA_S_H  |  SEQ_CM  CUDA_G_CM  CUDA_S_CM
---------------------------------------------------------
0      192      192      192   |       192      192      192
1      168      168      168   |       360      360      360
2      157      157      157   |       517      517      517
3      198      198      198   |       715      715      715
4      210      210      210   |       925      925      925
5      181      181      181   |      1106     1106     1106
6      167      167      167   |      1273     1273     1273
7      183      183      183   |      1456     1456     1456
8      187      187      187   |      1643     1643     1643
9      181      181      181   |      1824     1824     1824
n = 1824
errCnt = 0
Done with file ../testCases/inp3.txt


***********************************
Running p2 for file ../testCases/inp4.txt
***********************************


bin SEQ_H    CUDA_G_H CUDA_S_H  |  SEQ_CM  CUDA_G_CM  CUDA_S_CM
---------------------------------------------------------
0    23896    23896    23896   |     23896    23896    23896
1    23852    23852    23852   |     47748    47748    47748
2    24059    24059    24059   |     71807    71807    71807
3    23980    23980    23980   |     95787    95787    95787
4    24174    24174    24174   |    119961   119961   119961
5    23899    23899    23899   |    143860   143860   143860
6    23849    23849    23849   |    167709   167709   167709
7    24100    24100    24100   |    191809   191809   191809
8    23862    23862    23862   |    215671   215671   215671
9    23916    23916    23916   |    239587   239587   239587
n = 239587
errCnt = 0
Done with file ../testCases/inp4.txt


***********************************
Running p2 for file ../testCases/inp5.txt
***********************************


bin SEQ_H    CUDA_G_H CUDA_S_H  |  SEQ_CM  CUDA_G_CM  CUDA_S_CM
---------------------------------------------------------
0    64010    64010    64010   |     64010    64010    64010
1    64031    64031    64031   |    128041   128041   128041
2    63783    63783    63783   |    191824   191824   191824
3    64082    64082    64082   |    255906   255906   255906
4    63827    63827    63827   |    319733   319733   319733
5    63970    63970    63970   |    383703   383703   383703
6    63959    63959    63959   |    447662   447662   447662
7    64350    64350    64350   |    512012   512012   512012
8    63888    63888    63888   |    575900   575900   575900
9    63687    63687    63687   |    639587   639587   639587
n = 639587
errCnt = 0
Done with file ../testCases/inp5.txt


***********************************
Running p2 for file ../testCases/inp6.txt
***********************************


bin SEQ_H    CUDA_G_H CUDA_S_H  |  SEQ_CM  CUDA_G_CM  CUDA_S_CM
---------------------------------------------------------
0   164366   164366   164366   |    164366   164366   164366
1   163842   163842   163842   |    328208   328208   328208
2   163196   163196   163196   |    491404   491404   491404
3   164457   164457   164457   |    655861   655861   655861
4   162942   162942   162942   |    818803   818803   818803
5   164097   164097   164097   |    982900   982900   982900
6   163751   163751   163751   |   1146651  1146651  1146651
7   164621   164621   164621   |   1311272  1311272  1311272
8   164101   164101   164101   |   1475373  1475373  1475373
9   164214   164214   164214   |   1639587  1639587  1639587
n = 1639587
errCnt = 0
Done with file ../testCases/inp6.txt

